1,2,3,4,5
0.0,0.0,0.0,0.0,0.0
0.0,0.0,0.0,0.0,0.0
0.0,0.0,0.0,0.0,0.0
0.0,0.0,0.0,0.0,0.0
0.0,0.0,0.0,0.0,0.0
0.0,0.0,0.0,0.0,0.0
0.0,0.0,0.0,0.0,0.0
0.0,0.0,0.0,0.0,0.0
0.0,0.0,0.0,0.0,0.0
0.0,0.0,0.0,0.0,0.0
0.0,0.0,0.0,0.0009667873382568359,0.0
0.0,0.0,0.0,0.0,0.0
0.0,0.0,0.0,0.0,0.0
0.0,0.0,0.0,0.0,0.0
0.0,0.0,0.0,0.0,0.0
0.0,0.0,0.0,0.0,0.0
0.0,0.0,0.0,0.0,0.0
0.0,0.0,0.0,0.0,0.0
0.0,0.0,0.0,0.0,0.0
0.0,0.0,0.0,0.0,0.0009970664978027344
0.0,0.0,0.0,0.0,0.0
0.0,0.0,0.0,0.0,0.0010042190551757812
0.0,0.0,0.0009882450103759766,0.0,0.0
0.0,0.0,0.0,0.0,0.0
0.0,0.0,0.0,0.000997781753540039,0.0
0.0009996891021728516,0.0,0.0,0.0,0.0
0.0,0.0,0.0,0.0009603500366210938,0.000997304916381836
0.0,0.0,0.0,0.0,0.0
0.0,0.0010006427764892578,0.0,0.0,0.0
0.0,0.0,0.0,0.0,0.0009970664978027344
0.0,0.0,0.0,0.0,0.0
0.0,0.0009970664978027344,0.0,0.0,0.0
0.0,0.0,0.0,0.0,0.0009975433349609375
0.0,0.00096893310546875,0.0,0.0,0.0010025501251220703
0.0,0.0,0.0,0.0,0.0
0.0,0.0,0.0010249614715576172,0.0,0.0
0.00099945068359375,0.0,0.0,0.0009965896606445312,0.0
0.0,0.0,0.0,0.0,0.0
0.0010027885437011719,0.0009629726409912109,0.0010249614715576172,0.0,0.0010111331939697266
0.0009710788726806641,0.0,0.0,0.0,0.0
0.0,0.0009653568267822266,0.0,0.0,0.0
0.0009677410125732422,0.0010318756103515625,0.0009918212890625,0.0009682178497314453,0.0010242462158203125
0.0,0.0,0.0,0.000997304916381836,0.0009698867797851562
0.0,0.0009708404541015625,0.0,0.0010342597961425781,0.0009877681732177734
0.0010266304016113281,0.0,0.0,0.0,0.0
0.0,0.0,0.0,0.0,0.0
0.0,0.0,0.0,0.0,0.0
0.0,0.0009553432464599609,0.0005559921264648438,0.001024484634399414,0.0009968280792236328
0.000997781753540039,0.0010116100311279297,0.0,0.0009982585906982422,0.0009961128234863281
0.0010042190551757812,0.0009965896606445312,0.0009965896606445312,0.0009982585906982422,0.0009684562683105469
0.0010256767272949219,0.0009970664978027344,0.0009686946868896484,0.0010263919830322266,0.0009968280792236328
0.0009961128234863281,0.0,0.0,0.0,0.0
0.0,0.0009951591491699219,0.0010254383087158203,0.0010027885437011719,0.001005411148071289
0.0009975433349609375,0.0010204315185546875,0.0009968280792236328,0.0,0.0
0.0,0.0,0.0,0.0,0.0009949207305908203
0.0009968280792236328,0.0010044574737548828,0.0,0.0,0.0
0.0,0.0009968280792236328,0.000997304916381836,0.0009975433349609375,0.0009851455688476562
0.0,0.0009748935699462891,0.0010280609130859375,0.0009968280792236328,0.0009987354278564453
0.0,0.0,0.0,0.0010097026824951172,0.000997304916381836
0.0,0.0010137557983398438,0.0009791851043701172,0.0,0.0010042190551757812
0.0009906291961669922,0.0009970664978027344,0.0009963512420654297,0.0,0.0009903907775878906
0.0009965896606445312,0.0010607242584228516,0.0,0.0009763240814208984,0.0009963512420654297
0.0,0.0,0.0009961128234863281,0.000997304916381836,0.0
0.0009982585906982422,0.0009970664978027344,0.0,0.001056671142578125,0.0
0.0009970664978027344,0.0,0.0009970664978027344,0.0009975433349609375,0.0009837150573730469
0.0009980201721191406,0.0,0.0009827613830566406,0.000995635986328125,0.0
0.0009989738464355469,0.0009961128234863281,0.0,0.0016064643859863281,0.0
0.0009999275207519531,0.0,0.0009965896606445312,0.001001119613647461,0.0012195110321044922
0.0008616447448730469,0.0,0.0009925365447998047,0.000997304916381836,0.0009698867797851562
0.0020537376403808594,0.0010266304016113281,0.0009975433349609375,0.000997781753540039,0.0010039806365966797
0.0009975433349609375,0.0016241073608398438,0.0009338855743408203,0.0010001659393310547,0.0010001659393310547
0.0009968280792236328,0.0009906291961669922,0.0,0.0010073184967041016,0.0009970664978027344
0.000997781753540039,0.0,0.000997304916381836,0.0009970664978027344,0.0019948482513427734
0.0009899139404296875,0.0,0.0009970664978027344,0.0,0.000997781753540039
0.0,0.0009965896606445312,0.000990152359008789,0.0009968280792236328,0.0010042190551757812
0.0009970664978027344,0.0005104541778564453,0.0009970664978027344,0.0020101070404052734,0.0009975433349609375
0.0009968280792236328,0.0009970664978027344,0.0009968280792236328,0.0009968280792236328,0.0010120868682861328
0.0009968280792236328,0.000997304916381836,0.000997781753540039,0.0009975433349609375,0.0009970664978027344
0.000997781753540039,0.0009980201721191406,0.0009975433349609375,0.000997304916381836,0.0019943714141845703
0.0,0.0009975433349609375,0.0019953250885009766,0.000997304916381836,0.001994609832763672
0.0,0.0009975433349609375,0.000997304916381836,0.0009853839874267578,0.0009958744049072266
0.0010013580322265625,0.0009982585906982422,0.000997304916381836,0.0009915828704833984,0.0009970664978027344
0.000997781753540039,0.0009975433349609375,0.000997304916381836,0.000997781753540039,0.0010111331939697266
0.0009975433349609375,0.002009868621826172,0.0010123252868652344,0.0009970664978027344,0.000997304916381836
0.000997304916381836,0.000997304916381836,0.0009968280792236328,0.000997304916381836,0.0009970664978027344
0.0005781650543212891,0.000997304916381836,0.001994609832763672,0.0009975433349609375,0.000997304916381836
0.000997304916381836,0.0009970664978027344,0.000997304916381836,0.00098419189453125,0.0009970664978027344
0.0009968280792236328,0.000997304916381836,0.000997304916381836,0.0009970664978027344,0.0009970664978027344
0.0020024776458740234,0.0009970664978027344,0.001994609832763672,0.0009949207305908203,0.0019941329956054688
0.000997304916381836,0.0009970664978027344,0.001994609832763672,0.000997304916381836,0.0019981861114501953
0.0009970664978027344,0.001994609832763672,0.000997304916381836,0.0011284351348876953,0.0009970664978027344
0.0009970664978027344,0.0010106563568115234,0.0020003318786621094,0.0009706020355224609,0.0009953975677490234
0.0009882450103759766,0.0010247230529785156,0.000997304916381836,0.000993490219116211,0.0019941329956054688
0.002996683120727539,0.002024412155151367,0.0020189285278320312,0.0009438991546630859,0.0009949207305908203
0.002963542938232422,0.001026153564453125,0.0015218257904052734,0.001994609832763672,0.0009975433349609375
0.0009953975677490234,0.002008199691772461,0.0010266304016113281,0.0019953250885009766,0.001079559326171875
0.0010001659393310547,0.0009961128234863281,0.002025127410888672,0.0010232925415039062,0.000997304916381836
0.0019948482513427734,0.0009968280792236328,0.002997159957885742,0.002023935317993164,0.000997304916381836
0.002026796340942383,0.0009970664978027344,0.0009982585906982422,0.001995086669921875,0.000997304916381836
0.001878499984741211,0.000995635986328125,0.001995086669921875,0.0019986629486083984,0.0020236968994140625
0.0009884834289550781,0.0021195411682128906,0.001026153564453125,0.0019941329956054688,0.002996206283569336
0.0019731521606445312,0.001993894577026367,0.0019941329956054688,0.0019941329956054688,0.002992391586303711
0.000997781753540039,0.002966642379760742,0.00400233268737793,0.0019936561584472656,0.001992464065551758
0.001993894577026367,0.0015087127685546875,0.0029916763305664062,0.004003763198852539,0.000997304916381836
0.002991914749145508,0.004052162170410156,0.0019943714141845703,0.0019941329956054688,0.003004312515258789
0.0029914379119873047,0.001956462860107422,0.0029900074005126953,0.0019943714141845703,0.001994609832763672
0.0029914379119873047,0.0029973983764648438,0.0029947757720947266,0.002010822296142578,0.0019931793212890625
0.002991199493408203,0.0031423568725585938,0.0019936561584472656,0.003004789352416992,0.002549409866333008
0.0019943714141845703,0.0030486583709716797,0.0019943714141845703,0.0019941329956054688,0.002063274383544922
0.003987312316894531,0.0020618438720703125,0.001993417739868164,0.002991199493408203,0.001997232437133789
0.0049898624420166016,0.0030961036682128906,0.003990650177001953,0.001993894577026367,0.001993417739868164
0.002991199493408203,0.0029888153076171875,0.0029921531677246094,0.003955364227294922,0.002991199493408203
0.0034999847412109375,0.0029914379119873047,0.001991748809814453,0.001993894577026367,0.002991199493408203
0.001992940902709961,0.0019941329956054688,0.0029909610748291016,0.003985404968261719,0.001993894577026367
0.0029878616333007812,0.0019826889038085938,0.004003047943115234,0.0019941329956054688,0.0019981861114501953
0.002991914749145508,0.004003047943115234,0.0019931793212890625,0.0039882659912109375,0.002992391586303711
0.0019948482513427734,0.0029947757720947266,0.002991199493408203,0.0019936561584472656,0.0029914379119873047
0.0029959678649902344,0.0020074844360351562,0.001993894577026367,0.004986763000488281,0.008976459503173828
0.005982160568237305,0.0019941329956054688,0.0029914379119873047,0.001994609832763672,0.0029931068420410156
0.0019948482513427734,0.002991914749145508,0.002994060516357422,0.0029954910278320312,0.001981973648071289
0.0019941329956054688,0.0019948482513427734,0.0029952526092529297,0.0029900074005126953,0.0020051002502441406
0.0029909610748291016,0.0029587745666503906,0.002023458480834961,0.001992464065551758,0.001993894577026367
0.003021240234375,0.0019969940185546875,0.001995086669921875,0.0020055770874023438,0.0019943714141845703
0.001997709274291992,0.0030198097229003906,0.0029981136322021484,0.0039615631103515625,0.002001047134399414
0.0020058155059814453,0.003004312515258789,0.00397181510925293,0.00299072265625,0.0019941329956054688
0.003988981246948242,0.003988981246948242,0.003989458084106445,0.002991199493408203,0.0029840469360351562
0.0029914379119873047,0.0019943714141845703,0.0029916763305664062,0.0019936561584472656,0.003988981246948242
0.001993894577026367,0.002991914749145508,0.0019936561584472656,0.002991199493408203,0.0029914379119873047
0.003992795944213867,0.0029914379119873047,0.0019943714141845703,0.0029914379119873047,0.0019941329956054688
0.0029916763305664062,0.003988981246948242,0.001992464065551758,0.003988981246948242,0.002991914749145508
0.003004312515258789,0.0019865036010742188,0.002991199493408203,0.003000020980834961,0.003002643585205078
0.0029914379119873047,0.0029997825622558594,0.0029909610748291016,0.0029916763305664062,0.003988981246948242
0.0037076473236083984,0.0019943714141845703,0.0029916763305664062,0.0029916763305664062,0.003989219665527344
0.002991914749145508,0.004986286163330078,0.0029914379119873047,0.0019948482513427734,0.002991914749145508
0.003947734832763672,0.003988981246948242,0.0029916763305664062,0.0019943714141845703,0.002991914749145508
0.0029916763305664062,0.002991914749145508,0.003988981246948242,0.0049877166748046875,0.0029821395874023438
0.003976583480834961,0.0029914379119873047,0.003989219665527344,0.002991914749145508,0.0029916763305664062
0.0029916763305664062,0.002994060516357422,0.003988027572631836,0.0039958953857421875,0.0029897689819335938
0.003988981246948242,0.0029914379119873047,0.004986286163330078,0.0029914379119873047,0.0029916763305664062
0.0049860477447509766,0.002991199493408203,0.0029916763305664062,0.0029916763305664062,0.0029914379119873047
0.004986286163330078,0.004998207092285156,0.003973722457885742,0.003989219665527344,0.003989458084106445
0.003987550735473633,0.003987789154052734,0.00397944450378418,0.0029914379119873047,0.003988742828369141
0.006998777389526367,0.003987312316894531,0.0030317306518554688,0.004985809326171875,0.004990577697753906
0.004990100860595703,0.004985809326171875,0.004991054534912109,0.004029512405395508,0.003989458084106445
0.0049896240234375,0.005984783172607422,0.0030202865600585938,0.0030896663665771484,0.002994060516357422
0.0029921531677246094,0.0034940242767333984,0.0029909610748291016,0.003988981246948242,0.0049953460693359375
0.003988981246948242,0.0029916763305664062,0.0029823780059814453,0.005006551742553711,0.003988742828369141
0.004985332489013672,0.0049860477447509766,0.005983591079711914,0.004985809326171875,0.004986286163330078
0.003988981246948242,0.0059833526611328125,0.0069806575775146484,0.004987001419067383,0.004984617233276367
0.004986286163330078,0.003988504409790039,0.005984306335449219,0.003988981246948242,0.005986928939819336
0.0060503482818603516,0.00498652458190918,0.004999876022338867,0.0069806575775146484,0.003989219665527344
0.004986763000488281,0.004985809326171875,0.0039899349212646484,0.003989219665527344,0.004972219467163086
0.005983114242553711,0.004976511001586914,0.004985809326171875,0.005983591079711914,0.005985736846923828
0.005984067916870117,0.004985809326171875,0.005985260009765625,0.005016803741455078,0.00398707389831543
0.0049860477447509766,0.004957914352416992,0.004018068313598633,0.004990577697753906,0.003989696502685547
0.003989696502685547,0.005956411361694336,0.003988504409790039,0.00399017333984375,0.003989696502685547
0.005014896392822266,0.003993034362792969,0.0040171146392822266,0.004022121429443359,0.004983425140380859
0.003989696502685547,0.003989219665527344,0.005989789962768555,0.003012418746948242,0.003992795944213867
0.00398564338684082,0.004003763198852539,0.0039823055267333984,0.004019260406494141,0.004983186721801758
0.004987239837646484,0.003991603851318359,0.003990650177001953,0.003988742828369141,0.0039560794830322266
0.003993034362792969,0.004954338073730469,0.0029931068420410156,0.003987789154052734,0.0040056705474853516
0.005015134811401367,0.004986286163330078,0.003031492233276367,0.004014015197753906,0.004981517791748047
0.003992557525634766,0.004021167755126953,0.004986763000488281,0.0039746761322021484,0.0049855709075927734
0.003938436508178711,0.0039882659912109375,0.003985404968261719,0.0039479732513427734,0.00399470329284668
0.004017829895019531,0.0039904117584228516,0.004294872283935547,0.005525827407836914,0.003989458084106445
0.004972934722900391,0.00500035285949707,0.0040073394775390625,0.0049877166748046875,0.004988431930541992
0.005954265594482422,0.004560947418212891,0.003993511199951172,0.003989219665527344,0.003998756408691406
0.005983114242553711,0.004001617431640625,0.00498652458190918,0.005211591720581055,0.003554821014404297
0.003989219665527344,0.0049860477447509766,0.0049896240234375,0.004986286163330078,0.004990339279174805
0.003988981246948242,0.004981279373168945,0.003988981246948242,0.003992557525634766,0.003988742828369141
0.00495457649230957,0.00498652458190918,0.005955696105957031,0.005005598068237305,0.004555702209472656
0.0066890716552734375,0.003988981246948242,0.00498509407043457,0.0049707889556884766,0.004985809326171875
0.004987001419067383,0.00497746467590332,0.006013154983520508,0.00498652458190918,0.004986763000488281
0.0059757232666015625,0.004986286163330078,0.005993366241455078,0.004919290542602539,0.00794672966003418
0.0050122737884521484,0.004996061325073242,0.005020856857299805,0.004986286163330078,0.004976511001586914
0.003907442092895508,0.006016731262207031,0.0049839019775390625,0.006013393402099609,0.007456302642822266
0.005013465881347656,0.005983829498291016,0.004990339279174805,0.005954742431640625,0.005983114242553711
0.0050013065338134766,0.004985809326171875,0.005980730056762695,0.008081912994384766,0.003992319107055664
0.003985404968261719,0.0039899349212646484,0.004017353057861328,0.006000041961669922,0.004985809326171875
0.003988981246948242,0.00596308708190918,0.004981517791748047,0.006027698516845703,0.0049893856048583984
0.004982948303222656,0.004985332489013672,0.005011320114135742,0.005983591079711914,0.005955696105957031
0.006013631820678711,0.004986763000488281,0.004987478256225586,0.0069484710693359375,0.004977226257324219
0.005954265594482422,0.004988193511962891,0.005045413970947266,0.004987001419067383,0.005015134811401367
0.006980180740356445,0.00498652458190918,0.0049855709075927734,0.005984783172607422,0.004987239837646484
0.005983829498291016,0.005021333694458008,0.006985187530517578,0.007494449615478516,0.006013154983520508
0.00595545768737793,0.0069811344146728516,0.00499272346496582,0.005967855453491211,0.004982948303222656
0.004986763000488281,0.005983829498291016,0.0050182342529296875,0.0049860477447509766,0.00498652458190918
0.0060079097747802734,0.006000518798828125,0.005983591079711914,0.01100301742553711,0.008946895599365234
0.005984067916870117,0.007010936737060547,0.006981849670410156,0.005415916442871094,0.005985260009765625
0.005990505218505859,0.005959510803222656,0.004984855651855469,0.0059893131256103516,0.005967378616333008
0.009023189544677734,0.00698089599609375,0.007977724075317383,0.009021997451782227,0.007978200912475586
0.008976459503173828,0.008994340896606445,0.006978750228881836,0.009978294372558594,0.01110529899597168
0.009974241256713867,0.007977962493896484,0.007978439331054688,0.009991645812988281,0.005021095275878906
0.005982637405395508,0.006993293762207031,0.00598454475402832,0.00797891616821289,0.006981611251831055
0.006991147994995117,0.005954742431640625,0.0069806575775146484,0.0069811344146728516,0.004991054534912109
0.005983591079711914,0.005983591079711914,0.00498652458190918,0.006981372833251953,0.006980419158935547
0.00498652458190918,0.0059833526611328125,0.006973743438720703,0.005983829498291016,0.0069811344146728516
0.005983591079711914,0.007978439331054688,0.0059833526611328125,0.005983829498291016,0.004986763000488281
0.005983591079711914,0.005983829498291016,0.006981372833251953,0.006982326507568359,0.00698089599609375
0.006991147994995117,0.005983829498291016,0.0069811344146728516,0.005983591079711914,0.0069806575775146484
0.0059833526611328125,0.005983591079711914,0.00698089599609375,0.005984067916870117,0.006981372833251953
0.006971597671508789,0.009481191635131836,0.007932901382446289,0.0060040950775146484,0.005983829498291016
0.00698089599609375,0.007978200912475586,0.005983591079711914,0.00698089599609375,0.005983591079711914
0.006981611251831055,0.00698089599609375,0.0074040889739990234,0.006021261215209961,0.006981372833251953
0.005984067916870117,0.006983041763305664,0.010021209716796875,0.006010532379150391,0.006972074508666992
0.005984306335449219,0.0059850215911865234,0.007965326309204102,0.0069844722747802734,0.006983280181884766
0.007973432540893555,0.008976221084594727,0.006981372833251953,0.007979393005371094,0.006974458694458008
0.005983114242553711,0.008008241653442383,0.007978200912475586,0.006983280181884766,0.006003856658935547
0.006961822509765625,0.006947994232177734,0.006026029586791992,0.005984783172607422,0.007974863052368164
0.006961822509765625,0.006952762603759766,0.00698089599609375,0.005900382995605469,0.007009744644165039
0.007985353469848633,0.007485389709472656,0.007978200912475586,0.006981372833251953,0.005983829498291016
0.007978677749633789,0.00698089599609375,0.0069811344146728516,0.005983114242553711,0.008008480072021484
0.005984783172607422,0.007961273193359375,0.008253335952758789,0.005982637405395508,0.005989551544189453
0.009525537490844727,0.007896900177001953,0.00699925422668457,0.006986379623413086,0.00698399543762207
0.005982637405395508,0.006949186325073242,0.008553743362426758,0.0069806575775146484,0.006983041763305664
0.007013082504272461,0.007978200912475586,0.007948875427246094,0.0070421695709228516,0.006981372833251953
0.007975578308105469,0.007998466491699219,0.01101231575012207,0.007978200912475586,0.006684780120849609
0.007979631423950195,0.007979393005371094,0.00701141357421875,0.007982969284057617,0.007012844085693359
0.006978034973144531,0.008996963500976562,0.007978677749633789,0.0069806575775146484,0.007978439331054688
0.008996248245239258,0.008960723876953125,0.0069806575775146484,0.008947610855102539,0.00797891616821289
0.008008003234863281,0.007996797561645508,0.006979465484619141,0.01094508171081543,0.009992122650146484
0.010969877243041992,0.009973764419555664,0.00997304916381836,0.011968612670898438,0.009972572326660156
0.010998964309692383,0.007979869842529297,0.010944128036499023,0.011967658996582031,0.010970115661621094
0.011967658996582031,0.01196742057800293,0.010969877243041992,0.01097869873046875,0.011477470397949219
0.012964963912963867,0.0069806575775146484,0.007962226867675781,0.006988525390625,0.008975505828857422
0.007972955703735352,0.007978439331054688,0.0069811344146728516,0.009499311447143555,0.00897526741027832
0.00698089599609375,0.007978200912475586,0.00997304916381836,0.0069811344146728516,0.0069806575775146484
0.007967710494995117,0.007978439331054688,0.010970115661621094,0.008964300155639648,0.0069806575775146484
0.008975744247436523,0.008975744247436523,0.007978439331054688,0.008965730667114258,0.008975982666015625
0.010977506637573242,0.008482694625854492,0.00997304916381836,0.009972810745239258,0.009973526000976562
0.00797891616821289,0.009972810745239258,0.007978677749633789,0.009973526000976562,0.00997304916381836
0.009972333908081055,0.008990764617919922,0.00897669792175293,0.008975744247436523,0.007977008819580078
0.008975505828857422,0.007978200912475586,0.00898122787475586,0.008976221084594727,0.007978439331054688
0.010970354080200195,0.009981870651245117,0.008975982666015625,0.008976936340332031,0.010971546173095703
0.009973526000976562,0.009004592895507812,0.010958194732666016,0.011132240295410156,0.009945154190063477
0.011966228485107422,0.01000356674194336,0.010940790176391602,0.010969161987304688,0.010970354080200195
0.011967897415161133,0.012964963912963867,0.010970354080200195,0.010972023010253906,0.009973287582397461
0.01095890998840332,0.010970354080200195,0.01050710678100586,0.009974241256713867,0.007978200912475586
0.0089874267578125,0.009945392608642578,0.009975194931030273,0.010012626647949219,0.00996088981628418
0.011998891830444336,0.01000356674194336,0.009983301162719727,0.009010553359985352,0.009973287582397461
0.011007070541381836,0.008983135223388672,0.00896453857421875,0.010979890823364258,0.009933233261108398
0.011963367462158203,0.008971691131591797,0.009957313537597656,0.009973287582397461,0.009973287582397461
0.009972810745239258,0.011967897415161133,0.011477947235107422,0.010003805160522461,0.010973453521728516
0.010001897811889648,0.009974241256713867,0.011001110076904297,0.00897216796875,0.010964632034301758
0.010885477066040039,0.008976221084594727,0.009974241256713867,0.010003805160522461,0.012964963912963867
0.011016130447387695,0.01354527473449707,0.011678218841552734,0.010008573532104492,0.01200246810913086
0.009972095489501953,0.010056495666503906,0.010014533996582031,0.010005712509155273,0.01100611686706543
0.012985467910766602,0.010996103286743164,0.01295161247253418,0.018922805786132812,0.0109710693359375
0.01097249984741211,0.009974002838134766,0.018951416015625,0.013017892837524414,0.012935876846313477
0.010985612869262695,0.011969327926635742,0.012952804565429688,0.010969877243041992,0.011963367462158203
0.018954038619995117,0.012994527816772461,0.011974096298217773,0.012935876846313477,0.010940074920654297
0.011931657791137695,0.010990381240844727,0.012002229690551758,0.013989925384521484,0.0139617919921875
0.011970758438110352,0.014014005661010742,0.010941743850708008,0.012935638427734375,0.013966083526611328
0.013962030410766602,0.012993574142456055,0.015146255493164062,0.013962745666503906,0.01595759391784668
0.01296377182006836,0.013962507247924805,0.013956308364868164,0.014963150024414062,0.00997614860534668
0.00997304916381836,0.010970592498779297,0.009973287582397461,0.009973287582397461,0.009976625442504883
0.010969877243041992,0.013953208923339844,0.011970996856689453,0.011991024017333984,0.01453709602355957
0.014959573745727539,0.014990568161010742,0.010004758834838867,0.010966062545776367,0.009980916976928711
0.011970758438110352,0.012966156005859375,0.00997304916381836,0.009929656982421875,0.009971141815185547
0.010970115661621094,0.010970115661621094,0.01299428939819336,0.009972572326660156,0.011968851089477539
0.009974241256713867,0.014048337936401367,0.010965347290039062,0.011941909790039062,0.01393270492553711
0.011967182159423828,0.011971235275268555,0.010940313339233398,0.012960672378540039,0.011040210723876953
0.010898590087890625,0.012943029403686523,0.011974334716796875,0.012936592102050781,0.011002302169799805
0.010571002960205078,0.012937307357788086,0.011000633239746094,0.013508081436157227,0.010998725891113281
0.011968374252319336,0.012959957122802734,0.011984586715698242,0.011939048767089844,0.009976387023925781
0.012999296188354492,0.011968851089477539,0.010971784591674805,0.017955303192138672,0.016954898834228516
0.015956640243530273,0.014989852905273438,0.012979745864868164,0.0139617919921875,0.014959335327148438
0.012964963912963867,0.010970354080200195,0.010970592498779297,0.012964725494384766,0.011988162994384766
0.012964010238647461,0.010969877243041992,0.01196742057800293,0.01296544075012207,0.01295161247253418
0.011998176574707031,0.012965679168701172,0.011968612670898438,0.011968612670898438,0.010969877243041992
0.01296544075012207,0.010970592498779297,0.011967658996582031,0.011967897415161133,0.01296544075012207
0.01595592498779297,0.012965917587280273,0.012965202331542969,0.011967897415161133,0.013956546783447266
0.012964248657226562,0.011968851089477539,0.011967897415161133,0.013956546783447266,0.012963533401489258
0.013947248458862305,0.012934446334838867,0.015779495239257812,0.01594686508178711,0.013985157012939453
0.015950918197631836,0.014994144439697266,0.016953706741333008,0.013991832733154297,0.018951416015625
0.013968229293823242,0.011968374252319336,0.014930963516235352,0.0169832706451416,0.011964797973632812
0.01296544075012207,0.012029647827148438,0.012965202331542969,0.011968135833740234,0.012964010238647461
0.01296544075012207,0.011999845504760742,0.011967897415161133,0.0119476318359375,0.012561321258544922
0.01223611831665039,0.013959646224975586,0.011975288391113281,0.01596522331237793,0.014924287796020508
0.014960527420043945,0.016954421997070312,0.01495981216430664,0.015957117080688477,0.01495981216430664
0.01646137237548828,0.01594257354736328,0.015958309173583984,0.015547037124633789,0.015594482421875
0.014989614486694336,0.015026330947875977,0.014951944351196289,0.015085220336914062,0.01497340202331543
0.01707625389099121,0.015187263488769531,0.014036893844604492,0.015055656433105469,0.012020111083984375
0.014024734497070312,0.015074968338012695,0.013002872467041016,0.016048669815063477,0.01354074478149414
0.011968851089477539,0.01396322250366211,0.013956785202026367,0.014960765838623047,0.015914201736450195
0.014001131057739258,0.013962745666503906,0.015957355499267578,0.01396322250366211,0.0148468017578125
0.016163349151611328,0.015944719314575195,0.016954898834228516,0.01695537567138672,0.017017602920532227
0.01595616340637207,0.015957117080688477,0.017964839935302734,0.015305519104003906,0.014961004257202148
0.0159909725189209,0.018950462341308594,0.016947507858276367,0.016938209533691406,0.016968965530395508
0.017922639846801758,0.01597738265991211,0.016996145248413086,0.014948368072509766,0.016956329345703125
0.01907515525817871,0.016991376876831055,0.01693105697631836,0.01691603660583496,0.014989137649536133
0.0159909725189209,0.01595902442932129,0.01697087287902832,0.01795196533203125,0.01692485809326172
0.015957117080688477,0.023938894271850586,0.02241683006286621,0.01797938346862793,0.01595902442932129
0.017957687377929688,0.01792764663696289,0.01695394515991211,0.018941879272460938,0.016902685165405273
0.016953468322753906,0.015928983688354492,0.016969680786132812,0.016964435577392578,0.019040346145629883
0.018944740295410156,0.018934011459350586,0.015986919403076172,0.014929533004760742,0.015957355499267578
0.01795220375061035,0.02290940284729004,0.017980575561523438,0.01692676544189453,0.012956857681274414
0.01595783233642578,0.015970706939697266,0.015943288803100586,0.01595926284790039,0.016938209533691406
0.015987634658813477,0.016925573348999023,0.016937732696533203,0.014973878860473633,0.016478300094604492
0.0176088809967041,0.016955852508544922,0.016952991485595703,0.018949031829833984,0.021924972534179688
0.021970033645629883,0.014956235885620117,0.01493215560913086,0.014959096908569336,0.01595473289489746
0.01593804359436035,0.017431259155273438,0.014959573745727539,0.015957355499267578,0.01695418357849121
0.014960050582885742,0.015949249267578125,0.01801276206970215,0.014960527420043945,0.013966560363769531
0.014956235885620117,0.015958070755004883,0.014989614486694336,0.014960289001464844,0.016925811767578125
0.018558979034423828,0.015914440155029297,0.015889644622802734,0.01791977882385254,0.016976118087768555
0.021290063858032227,0.01993584632873535,0.02194070816040039,0.01898026466369629,0.01592540740966797
0.017956256866455078,0.019992589950561523,0.01695418357849121,0.018921852111816406,0.020494461059570312
0.01898503303527832,0.01894831657409668,0.015976428985595703,0.015906572341918945,0.018990278244018555
0.017951250076293945,0.015955686569213867,0.01696491241455078,0.017991304397583008,0.015958786010742188
0.01800847053527832,0.015985727310180664,0.01695704460144043,0.027441024780273438,0.016954421997070312
0.01695990562438965,0.01795196533203125,0.015957355499267578,0.015957117080688477,0.01695418357849121
0.021948575973510742,0.01692509651184082,0.01991724967956543,0.017964839935302734,0.01791691780090332
0.016982555389404297,0.01616835594177246,0.015958547592163086,0.015963315963745117,0.014989376068115234
0.01794600486755371,0.015929222106933594,0.015956401824951172,0.01795220375061035,0.015988588333129883
0.016988754272460938,0.018918514251708984,0.02194070816040039,0.02544116973876953,0.023952960968017578
0.02097153663635254,0.015957355499267578,0.01695561408996582,0.01798558235168457,0.0221250057220459
0.016954660415649414,0.01795196533203125,0.019946575164794922,0.019949674606323242,0.020549774169921875
0.019916296005249023,0.017978429794311523,0.01692962646484375,0.017945289611816406,0.01595926284790039
0.01695418357849121,0.01640772819519043,0.01595759391784668,0.018950462341308594,0.015955686569213867
0.017923831939697266,0.019974946975708008,0.0199429988861084,0.02094244956970215,0.016956329345703125
0.018949031829833984,0.01797938346862793,0.021930456161499023,0.018949031829833984,0.01795363426208496
0.019943952560424805,0.019945621490478516,0.02593207359313965,0.017954111099243164,0.016954421997070312
0.0169832706451416,0.021912574768066406,0.017982006072998047,0.016954421997070312,0.021944761276245117
0.016101360321044922,0.01795196533203125,0.01695418357849121,0.015956878662109375,0.02144765853881836
0.01795172691345215,0.018949270248413086,0.016954421997070312,0.018949031829833984,0.01795196533203125
0.01795172691345215,0.018463611602783203,0.01795172691345215,0.016954421997070312,0.018950700759887695
0.0189511775970459,0.018946170806884766,0.016954421997070312,0.018949270248413086,0.018949031829833984
0.018949270248413086,0.019051313400268555,0.020522594451904297,0.01795029640197754,0.023936033248901367
0.020914316177368164,0.020990371704101562,0.02190852165222168,0.02287125587463379,0.021941184997558594
0.019947528839111328,0.019937515258789062,0.02286076545715332,0.028905391693115234,0.019947290420532227
0.020943880081176758,0.019953250885009766,0.023939847946166992,0.025930166244506836,0.022970914840698242
0.020941972732543945,0.02892780303955078,0.027925729751586914,0.02393651008605957,0.022935867309570312
0.021940231323242188,0.021941184997558594,0.020943403244018555,0.01994490623474121,0.02094435691833496
0.02100062370300293,0.021942138671875,0.024899005889892578,0.029935121536254883,0.039038658142089844
0.03591275215148926,0.026942729949951172,0.022742748260498047,0.020943880081176758,0.02045726776123047
0.01795172691345215,0.018949508666992188,0.017817258834838867,0.020915746688842773,0.017981529235839844
0.02098703384399414,0.021028518676757812,0.0199429988861084,0.01895284652709961,0.020944595336914062
0.022592782974243164,0.022150278091430664,0.020049333572387695,0.028937339782714844,0.025585651397705078
0.02393507957458496,0.024931669235229492,0.020452022552490234,0.02045130729675293,0.019946575164794922
0.020452022552490234,0.01945352554321289,0.019927263259887695,0.018949270248413086,0.023936033248901367
0.02293848991394043,0.027880430221557617,0.026927709579467773,0.03293037414550781,0.033434152603149414
0.03390908241271973,0.029985666275024414,0.02458357810974121,0.02094101905822754,0.021997451782226562
0.0249326229095459,0.02097344398498535,0.02490687370300293,0.022939205169677734,0.027938365936279297
0.026928186416625977,0.03191494941711426,0.02792525291442871,0.02493906021118164,0.030916929244995117
0.02696681022644043,0.022909164428710938,0.021943330764770508,0.023957252502441406,0.023917436599731445
0.023988723754882812,0.0219423770904541,0.02391338348388672,0.021447420120239258,0.0209503173828125
0.019946575164794922,0.019947052001953125,0.021448373794555664,0.019976377487182617,0.019849061965942383
0.024480819702148438,0.025548219680786133,0.03291201591491699,0.028923511505126953,0.02792501449584961
0.028922319412231445,0.0329129695892334,0.03490495681762695,0.030917644500732422,0.01994609832763672
0.020943880081176758,0.020956993103027344,0.03090524673461914,0.025931835174560547,0.023935317993164062
0.022951126098632812,0.03042769432067871,0.02496051788330078,0.020943164825439453,0.019917726516723633
0.02325272560119629,0.022566795349121094,0.023906946182250977,0.03470754623413086,0.02393627166748047
0.022937297821044922,0.02293872833251953,0.022943496704101562,0.0224761962890625,0.019158124923706055
0.020943880081176758,0.021941184997558594,0.021941184997558594,0.02094411849975586,0.021941661834716797
0.022233009338378906,0.020944595336914062,0.02194070816040039,0.018949031829833984,0.0219576358795166
0.021940946578979492,0.020943641662597656,0.021940946578979492,0.022938251495361328,0.02493739128112793
0.02393627166748047,0.024936437606811523,0.03143024444580078,0.02692890167236328,0.027924776077270508
0.02545022964477539,0.03189849853515625,0.03966927528381348,0.023935794830322266,0.02593088150024414
0.024933338165283203,0.0306398868560791,0.03293037414550781,0.020943403244018555,0.029918432235717773
0.026968717575073242,0.023906230926513672,0.0359344482421875,0.023914575576782227,0.02395176887512207
0.02490234375,0.024906396865844727,0.025928497314453125,0.027923583984375,0.03590536117553711
0.022476911544799805,0.01994633674621582,0.02293848991394043,0.020943880081176758,0.022455453872680664
0.021941423416137695,0.02293872833251953,0.021941184997558594,0.02293848991394043,0.023936033248901367
0.021941184997558594,0.022938966751098633,0.023935794830322266,0.020943641662597656,0.02393627166748047
0.020943880081176758,0.021940946578979492,0.023936748504638672,0.021941661834716797,0.021942138671875
0.02099156379699707,0.021874427795410156,0.024931907653808594,0.021448135375976562,0.020943641662597656
0.02194380760192871,0.028922080993652344,0.02700185775756836,0.027924060821533203,0.027929306030273438
0.036902427673339844,0.028963088989257812,0.03188443183898926,0.025888919830322266,0.028333187103271484
0.024863481521606445,0.023967266082763672,0.021934986114501953,0.023929834365844727,0.02496647834777832
0.02390599250793457,0.021941184997558594,0.021941184997558594,0.028906822204589844,0.02549433708190918
0.02493882179260254,0.02592921257019043,0.02898383140563965,0.027922868728637695,0.02792501449584961
0.02892279624938965,0.028924226760864258,0.02294135093688965,0.023936033248901367,0.02595996856689453
0.025574922561645508,0.0249330997467041,0.024904251098632812,0.023929595947265625,0.022913455963134766
0.023936033248901367,0.022937536239624023,0.02293872833251953,0.02293705940246582,0.022938966751098633
0.02593064308166504,0.027070999145507812,0.02393627166748047,0.031914472579956055,0.03291177749633789
0.02396559715270996,0.022427082061767578,0.023905038833618164,0.02293848991394043,0.02496647834777832
0.022908926010131836,0.03091740608215332,0.03291153907775879,0.0244290828704834,0.022938251495361328
0.023935794830322266,0.02693009376525879,0.03191494941711426,0.02743363380432129,0.0279083251953125
0.031916141510009766,0.03892326354980469,0.02696704864501953,0.02892017364501953,0.026927709579467773
0.024933815002441406,0.023950815200805664,0.024945735931396484,0.029384851455688477,0.031908273696899414
0.02293848991394043,0.02593064308166504,0.024933338165283203,0.026928186416625977,0.02393507957458496
0.02692890167236328,0.0249330997467041,0.025946378707885742,0.02293872833251953,0.023966073989868164
0.02490377426147461,0.02293848991394043,0.0279543399810791,0.024933576583862305,0.024914979934692383
0.029889345169067383,0.032912254333496094,0.03394031524658203,0.02888321876525879,0.028994321823120117
0.02892303466796875,0.028920412063598633,0.02563929557800293,0.026508331298828125,0.02590036392211914
0.025960206985473633,0.02792644500732422,0.02705979347229004,0.02551102638244629,0.022939205169677734
0.025977134704589844,0.025969505310058594,0.02989506721496582,0.024932861328125,0.026927709579467773
0.031916141510009766,0.024842023849487305,0.024933576583862305,0.025960206985473633,0.02393507957458496
0.024333477020263672,0.025943517684936523,0.027159929275512695,0.027953624725341797,0.027292490005493164
0.02717137336730957,0.025959014892578125,0.02892303466796875,0.026548385620117188,0.02689981460571289
0.027951717376708984,0.02891707420349121,0.02796769142150879,0.03241920471191406,0.02598118782043457
0.02992391586303711,0.03091716766357422,0.024963855743408203,0.0249326229095459,0.024914264678955078
0.027925491333007812,0.025931358337402344,0.02496194839477539,0.028927087783813477,0.027953147888183594
0.02597188949584961,0.024930477142333984,0.026928424835205078,0.03185105323791504,0.03490567207336426
0.028921127319335938,0.030565500259399414,0.025931119918823242,0.02895188331604004,0.02792072296142578
0.0249176025390625,0.0279233455657959,0.024932146072387695,0.026932477951049805,0.03089618682861328
0.027905941009521484,0.027925491333007812,0.02692890167236328,0.030912160873413086,0.026587963104248047
0.03690075874328613,0.027891874313354492,0.031397104263305664,0.03641366958618164,0.036901235580444336
0.03790473937988281,0.027924299240112305,0.0286257266998291,0.026961565017700195,0.028246402740478516
0.027615785598754883,0.030889511108398438,0.03294682502746582,0.027938365936279297,0.026629924774169922
0.02892303466796875,0.03188443183898926,0.027586698532104492,0.0279538631439209,0.02692866325378418
0.027895212173461914,0.030331850051879883,0.026923179626464844,0.025962114334106445,0.030887603759765625
0.02695775032043457,0.03091573715209961,0.02692699432373047,0.029920339584350586,0.026926040649414062
0.02892327308654785,0.02692890167236328,0.02792978286743164,0.025902271270751953,0.026958465576171875
0.027964115142822266,0.032952308654785156,0.029891490936279297,0.031237363815307617,0.029909849166870117
0.038468360900878906,0.0384058952331543,0.03789854049682617,0.031914472579956055,0.029919147491455078
0.03094315528869629,0.02995133399963379,0.02892303466796875,0.02991938591003418,0.029896974563598633
0.03191637992858887,0.029918670654296875,0.029589176177978516,0.029894590377807617,0.03201460838317871
0.030946731567382812,0.028922080993652344,0.03091740608215332,0.031980276107788086,0.02994823455810547
0.032883405685424805,0.034975290298461914,0.03186917304992676,0.03541374206542969,0.031882524490356445
0.02792525291442871,0.030946731567382812,0.030924081802368164,0.03287029266357422,0.035889387130737305
0.028891801834106445,0.02892279624938965,0.0328831672668457,0.028954505920410156,0.030916690826416016
0.036508798599243164,0.030910730361938477,0.026928424835205078,0.028950214385986328,0.029981613159179688
0.02792525291442871,0.02988600730895996,0.03538084030151367,0.029919862747192383,0.028922319412231445
0.03091716766357422,0.03194856643676758,0.029923439025878906,0.02892017364501953,0.03291940689086914
0.033913373947143555,0.031945228576660156,0.02991461753845215,0.030884265899658203,0.029920101165771484
0.03191828727722168,0.03191542625427246,0.0359039306640625,0.03162980079650879,0.02991795539855957
0.03247666358947754,0.03692197799682617,0.027948379516601562,0.02892136573791504,0.03886747360229492
0.03287315368652344,0.035164833068847656,0.03290963172912598,0.03389883041381836,0.03391122817993164
0.03487849235534668,0.029889583587646484,0.02792954444885254,0.03091597557067871,0.030989646911621094
0.03192329406738281,0.02991175651550293,0.030939817428588867,0.03097367286682129,0.03490567207336426
0.03191637992858887,0.030914306640625,0.03091597557067871,0.030916929244995117,0.030928850173950195
0.03182411193847656,0.03191423416137695,0.029919862747192383,0.03390932083129883,0.031913042068481445
0.03191494941711426,0.030918598175048828,0.031240224838256836,0.033904314041137695,0.030889272689819336
0.03194999694824219,0.030949831008911133,0.030982494354248047,0.033936500549316406,0.031912803649902344
0.03298807144165039,0.03191494941711426,0.0328974723815918,0.035852909088134766,0.030920028686523438
0.03397178649902344,0.029918193817138672,0.02895832061767578,0.03245258331298828,0.03194785118103027
0.032912254333496094,0.03295397758483887,0.03590512275695801,0.0298919677734375,0.03146004676818848
0.029920101165771484,0.031960248947143555,0.03052496910095215,0.030932903289794922,0.035888671875
0.03049635887145996,0.0379033088684082,0.03091716766357422,0.04088306427001953,0.031914472579956055
0.03238534927368164,0.04185962677001953,0.03493475914001465,0.029920101165771484,0.03991961479187012
0.03491568565368652,0.033872365951538086,0.030916929244995117,0.03191566467285156,0.0359342098236084
0.03690052032470703,0.034905433654785156,0.033879995346069336,0.033910512924194336,0.032909393310546875
0.031915903091430664,0.03390669822692871,0.03387856483459473,0.03149580955505371,0.029919862747192383
0.03490853309631348,0.03687095642089844,0.032912254333496094,0.030946969985961914,0.03607630729675293
0.035902976989746094,0.03294706344604492,0.03494429588317871,0.03291201591491699,0.03489828109741211
0.04787492752075195,0.049425601959228516,0.04388141632080078,0.034603118896484375,0.030953645706176758
0.029918670654296875,0.03941154479980469,0.0329127311706543,0.03887319564819336,0.03792858123779297
0.03687429428100586,0.03491044044494629,0.03393745422363281,0.03390765190124512,0.03191375732421875
0.03490424156188965,0.06532454490661621,0.03786897659301758,0.03342390060424805,0.036872148513793945
0.05137062072753906,0.036104440689086914,0.03291177749633789,0.031914472579956055,0.0330500602722168
0.03342890739440918,0.032911062240600586,0.03362560272216797,0.03191494941711426,0.03192591667175293
0.03487706184387207,0.0329432487487793,0.0309295654296875,0.033924102783203125,0.03397703170776367
0.032912492752075195,0.03548097610473633,0.03446769714355469,0.03490638732910156,0.03191399574279785
0.030916452407836914,0.03291201591491699,0.03294181823730469,0.04388260841369629,0.045900583267211914
0.03386211395263672,0.04039883613586426,0.03949546813964844,0.03687310218811035,0.03684043884277344
0.03392624855041504,0.03397035598754883,0.0329279899597168,0.03272747993469238,0.03494381904602051
0.03492140769958496,0.0369415283203125,0.032912254333496094,0.03490781784057617,0.03542375564575195
0.03294110298156738,0.03887176513671875,0.03590583801269531,0.05049443244934082,0.03287792205810547
0.0368959903717041,0.03387808799743652,0.03188633918762207,0.0329289436340332,0.03592276573181152
0.03590083122253418,0.03594183921813965,0.03590059280395508,0.0339047908782959,0.03548789024353027
0.03616189956665039,0.038895606994628906,0.03593158721923828,0.03892850875854492,0.03559422492980957
0.033905982971191406,0.03688859939575195,0.03393816947937012,0.033878326416015625,0.03815436363220215
0.03589916229248047,0.045014142990112305,0.038877010345458984,0.04088616371154785,0.036849260330200195
0.043897151947021484,0.03885984420776367,0.03792929649353027,0.04787731170654297,0.051889657974243164
0.03887057304382324,0.04587745666503906,0.03889799118041992,0.03393816947937012,0.0329127311706543
0.038923025131225586,0.03990054130554199,0.03690218925476074,0.04291105270385742,0.04551196098327637
0.03889822959899902,0.04003167152404785,0.0389401912689209,0.03694868087768555,0.036459922790527344
0.03892874717712402,0.03690195083618164,0.037895917892456055,0.03792595863342285,0.0378870964050293
0.04089832305908203,0.04092097282409668,0.03487348556518555,0.03887176513671875,0.049866437911987305
0.03992295265197754,0.03487658500671387,0.03394341468811035,0.03793048858642578,0.03587007522583008
0.0359346866607666,0.04087996482849121,0.04344749450683594,0.04088878631591797,0.04491066932678223
0.04086184501647949,0.035913944244384766,0.035909414291381836,0.03946399688720703,0.03693342208862305
0.03690171241760254,0.03986334800720215,0.03897690773010254,0.037895917892456055,0.04096817970275879
0.03807854652404785,0.035903215408325195,0.03789806365966797,0.03682303428649902,0.0398859977722168
0.03887438774108887,0.054337263107299805,0.05834817886352539,0.050867319107055664,0.03992414474487305
0.037323951721191406,0.03789973258972168,0.03970003128051758,0.03490185737609863,0.0359034538269043
0.0399320125579834,0.03690028190612793,0.039409637451171875,0.03892374038696289,0.036429405212402344
0.037865400314331055,0.04085516929626465,0.05086326599121094,0.039879798889160156,0.04663228988647461
0.036870479583740234,0.036900997161865234,0.036901235580444336,0.03789830207824707,0.03742361068725586
0.03889632225036621,0.04143118858337402,0.04186677932739258,0.04348397254943848,0.039879560470581055
0.04589676856994629,0.05585050582885742,0.038895606994628906,0.04388284683227539,0.04388236999511719
0.057847023010253906,0.06383252143859863,0.057840824127197266,0.0608370304107666,0.043408870697021484
0.04188942909240723,0.04485464096069336,0.05385851860046387,0.05056047439575195,0.03892827033996582
0.04185152053833008,0.043947696685791016,0.03946566581726074,0.04088902473449707,0.04589366912841797
0.03986215591430664,0.04139828681945801,0.04288530349731445,0.0409083366394043,0.04345273971557617
0.04500579833984375,0.04293179512023926,0.04390454292297363,0.04190468788146973,0.041900634765625
0.04842400550842285,0.05190682411193848,0.05082082748413086,0.05934882164001465,0.0468752384185791
0.04391622543334961,0.04385519027709961,0.04687070846557617,0.045954227447509766,0.04292631149291992
0.04392218589782715,0.04089045524597168,0.04089069366455078,0.04346799850463867,0.05497264862060547
0.042601585388183594,0.04185652732849121,0.04288530349731445,0.03989362716674805,0.055977821350097656
0.04294729232788086,0.043897151947021484,0.040883779525756836,0.047391653060913086,0.05087780952453613
0.04195237159729004,0.03900623321533203,0.0484776496887207,0.039942264556884766,0.043283939361572266
0.04089474678039551,0.040888309478759766,0.04388070106506348,0.04682183265686035,0.04717707633972168
0.049813032150268555,0.04587721824645996,0.04213595390319824,0.036900997161865234,0.03789830207824707
0.04338979721069336,0.0408930778503418,0.039893150329589844,0.03989362716674805,0.04089045524597168
0.04487943649291992,0.04188251495361328,0.0468747615814209,0.04690837860107422,0.05152463912963867
0.059004783630371094,0.05083513259887695,0.051886558532714844,0.04089069366455078,0.04285693168640137
0.04488062858581543,0.039895057678222656,0.04086136817932129,0.0359039306640625,0.03892660140991211
0.040869951248168945,0.03989291191101074,0.04687333106994629,0.046386003494262695,0.04886984825134277
0.04887056350708008,0.04886889457702637,0.04489302635192871,0.042885541915893555,0.03892326354980469
0.03892850875854492,0.04270148277282715,0.03992414474487305,0.04337358474731445,0.0468754768371582
0.05287361145019531,0.044522762298583984,0.041448116302490234,0.041924476623535156,0.04186582565307617
0.0408482551574707,0.04089045524597168,0.040920257568359375,0.039905548095703125,0.041890859603881836
0.047843217849731445,0.044908761978149414,0.04046344757080078,0.04089021682739258,0.042885541915893555
0.039893388748168945,0.03789854049682617,0.042850494384765625,0.039894819259643555,0.03986358642578125
0.04288530349731445,0.039893150329589844,0.041887760162353516,0.041887760162353516,0.04288625717163086
0.03995871543884277,0.04185795783996582,0.04188656806945801,0.04861903190612793,0.04086637496948242
0.03789877891540527,0.04288530349731445,0.04288482666015625,0.04288530349731445,0.04787635803222656
0.05984234809875488,0.04188799858093262,0.04288506507873535,0.04089045524597168,0.04738140106201172
0.05186748504638672,0.06882405281066895,0.047377586364746094,0.04718446731567383,0.04687333106994629
0.04784059524536133,0.04590249061584473,0.04091072082519531,0.04188656806945801,0.039893150329589844
0.042903900146484375,0.04338979721069336,0.04185938835144043,0.054422855377197266,0.04883980751037598
0.04805350303649902,0.049437761306762695,0.04792189598083496,0.04814624786376953,0.05083870887756348
0.04289746284484863,0.04587817192077637,0.052849769592285156,0.04878735542297363,0.04888415336608887
0.04388236999511719,0.04161238670349121,0.043489694595336914,0.04188799858093262,0.04188847541809082
0.04627585411071777,0.04289674758911133,0.044469594955444336,0.04288148880004883,0.04321646690368652
0.05787396430969238,0.049918413162231445,0.04392218589782715,0.05210161209106445,0.050867319107055664
0.05144643783569336,0.04787182807922363,0.06081223487854004,0.06582951545715332,0.04687356948852539
0.042885780334472656,0.04492497444152832,0.0438539981842041,0.048223257064819336,0.04587721824645996
0.04391169548034668,0.041951894760131836,0.04286074638366699,0.04189801216125488,0.04158759117126465
0.04242873191833496,0.04535365104675293,0.04208803176879883,0.04091238975524902,0.0440673828125
0.043891191482543945,0.04486799240112305,0.047842979431152344,0.04290199279785156,0.05684208869934082
0.05688142776489258,0.06978821754455566,0.055848121643066406,0.06283807754516602,0.04388594627380371
0.04495835304260254,0.048840999603271484,0.06433725357055664,0.06183457374572754,0.05984354019165039
0.04490923881530762,0.051837921142578125,0.059839725494384766,0.05887103080749512,0.04385542869567871
0.04790186882019043,0.044632911682128906,0.045876502990722656,0.04391622543334961,0.048867225646972656
0.04289531707763672,0.044931650161743164,0.04291796684265137,0.04772186279296875,0.04479408264160156
0.04587721824645996,0.04835247993469238,0.06382989883422852,0.052925825119018555,0.04736804962158203
0.05149364471435547,0.05388045310974121,0.04486250877380371,0.04440021514892578,0.04587697982788086
0.04388236999511719,0.04488015174865723,0.047911643981933594,0.04685258865356445,0.04388260841369629
0.04489564895629883,0.04790043830871582,0.04645085334777832,0.04484915733337402,0.04687094688415527
0.04591536521911621,0.04388785362243652,0.04976081848144531,0.05684614181518555,0.0608367919921875
0.04748272895812988,0.04851984977722168,0.04755425453186035,0.056237220764160156,0.04600691795349121
0.049865007400512695,0.04937410354614258,0.04790091514587402,0.044620513916015625,0.04586219787597656
0.04351186752319336,0.05043506622314453,0.044901132583618164,0.04989147186279297,0.044924259185791016
0.04783058166503906,0.04941725730895996,0.05582714080810547,0.052567243576049805,0.05022835731506348
0.057810068130493164,0.04288506507873535,0.04983949661254883,0.04981207847595215,0.04882216453552246
0.06387209892272949,0.0578463077545166,0.05689716339111328,0.051889896392822266,0.05387568473815918
0.050864219665527344,0.054853200912475586,0.05288839340209961,0.04693484306335449,0.04790091514587402
0.05742049217224121,0.0548701286315918,0.05186200141906738,0.056308746337890625,0.05089092254638672
0.050893545150756836,0.049868106842041016,0.051100969314575195,0.050438642501831055,0.04690217971801758
0.04986739158630371,0.04687333106994629,0.04927682876586914,0.047842979431152344,0.06634187698364258
0.04810690879821777,0.04886913299560547,0.0468745231628418,0.04886889457702637,0.05086398124694824
0.04721832275390625,0.050922393798828125,0.04789447784423828,0.0502467155456543,0.04488015174865723
0.049866676330566406,0.04787182807922363,0.0468745231628418,0.05037212371826172,0.04687380790710449
0.04905366897583008,0.04689311981201172,0.0508122444152832,0.052858591079711914,0.05391716957092285
0.05514836311340332,0.05685591697692871,0.049895286560058594,0.04944157600402832,0.052884578704833984
0.04987025260925293,0.04997849464416504,0.04887247085571289,0.05034327507019043,0.04883241653442383
0.054979562759399414,0.04986691474914551,0.047457218170166016,0.0488736629486084,0.04983329772949219
0.051860809326171875,0.051885128021240234,0.047876834869384766,0.052289485931396484,0.05086231231689453
0.0498964786529541,0.04843902587890625,0.05146145820617676,0.04787611961364746,0.04957890510559082
0.05186152458190918,0.049103736877441406,0.05374431610107422,0.049835920333862305,0.050864458084106445
0.05214357376098633,0.0528719425201416,0.06284451484680176,0.05944991111755371,0.05781722068786621
0.058678388595581055,0.049866437911987305,0.0552821159362793,0.05287623405456543,0.05236506462097168
0.049896955490112305,0.05392026901245117,0.05153775215148926,0.050811052322387695,0.05136871337890625
0.05208158493041992,0.04790210723876953,0.05585026741027832,0.052948713302612305,0.055840492248535156
0.05585145950317383,0.05187273025512695,0.05585026741027832,0.0528874397277832,0.04784274101257324
0.05176877975463867,0.04683732986450195,0.06083798408508301,0.05086469650268555,0.04983782768249512
0.049866437911987305,0.052858829498291016,0.04986691474914551,0.04993081092834473,0.05459475517272949
0.05313682556152344,0.050864458084106445,0.05126023292541504,0.05082082748413086,0.04986691474914551
0.051848649978637695,0.05384087562561035,0.05246424674987793,0.05086493492126465,0.05183219909667969
0.05797743797302246,0.054852962493896484,0.05490612983703613,0.05187392234802246,0.05238986015319824
0.04886937141418457,0.05359458923339844,0.06479787826538086,0.052808284759521484,0.053858041763305664
0.0539393424987793,0.052858591079711914,0.05287742614746094,0.05086350440979004,0.049866437911987305
0.049422502517700195,0.06333589553833008,0.049866437911987305,0.05485224723815918,0.052443742752075195
0.05282092094421387,0.056801557540893555,0.07081151008605957,0.06289362907409668,0.05189323425292969
0.054395437240600586,0.050839900970458984,0.05587124824523926,0.05282855033874512,0.05386233329772949
0.05104565620422363,0.053868770599365234,0.05485248565673828,0.053045034408569336,0.053856611251831055
0.05152606964111328,0.0545961856842041,0.054852962493896484,0.05587291717529297,0.05188798904418945
0.05781817436218262,0.05142092704772949,0.05288863182067871,0.05486154556274414,0.05291557312011719
0.05470681190490723,0.05291914939880371,0.051867008209228516,0.05592679977416992,0.05310678482055664
0.05582070350646973,0.05587172508239746,0.05586409568786621,0.05388927459716797,0.05385470390319824
0.05460810661315918,0.05784916877746582,0.06343412399291992,0.056876182556152344,0.05689430236816406
0.05685257911682129,0.05776548385620117,0.05576610565185547,0.05485248565673828,0.05343818664550781
0.056807518005371094,0.05484580993652344,0.05630612373352051,0.0583643913269043,0.07181215286254883
0.08171701431274414,0.06482601165771484,0.05257892608642578,0.05288863182067871,0.05687737464904785
0.05885004997253418,0.05688190460205078,0.05497908592224121,0.05241274833679199,0.05289030075073242
0.05584859848022461,0.0548858642578125,0.05183291435241699,0.05585479736328125,0.05685281753540039
0.055910348892211914,0.059885263442993164,0.06190848350524902,0.05235743522644043,0.06435203552246094
0.05485415458679199,0.05986809730529785,0.05382728576660156,0.05402731895446777,0.05285835266113281
0.054852962493896484,0.06034493446350098,0.05585074424743652,0.05487942695617676,0.05638432502746582
0.054853200912475586,0.06582427024841309,0.05388784408569336,0.05984926223754883,0.05784749984741211
0.05985569953918457,0.06183457374572754,0.06436395645141602,0.055028438568115234,0.053885698318481445
0.05686187744140625,0.062349557876586914,0.06884407997131348,0.057886600494384766,0.05681109428405762
0.06185293197631836,0.0608365535736084,0.05586886405944824,0.06781816482543945,0.0578465461730957
0.06183433532714844,0.06183505058288574,0.056922197341918945,0.057790517807006836,0.05884242057800293
0.054852962493896484,0.05785417556762695,0.056847572326660156,0.07181429862976074,0.0638284683227539
0.06183457374572754,0.06634855270385742,0.06242537498474121,0.05784296989440918,0.05702686309814453
0.05485391616821289,0.0702362060546875,0.055864810943603516,0.0608370304107666,0.057816267013549805
0.07972097396850586,0.060868263244628906,0.07280707359313965,0.06746602058410645,0.06282663345336914
0.07195425033569336,0.05868220329284668,0.05585074424743652,0.0662999153137207,0.06079602241516113
0.06161999702453613,0.05489683151245117,0.05788135528564453,0.0643777847290039,0.05904746055603027
0.05488300323486328,0.0598444938659668,0.05782055854797363,0.0578458309173584,0.05684828758239746
0.0601656436920166,0.0588376522064209,0.055850982666015625,0.05584979057312012,0.06244206428527832
0.05785250663757324,0.06095099449157715,0.055880069732666016,0.05884218215942383,0.05987381935119629
0.05988621711730957,0.056852102279663086,0.056848764419555664,0.06180095672607422,0.059836387634277344
0.05486130714416504,0.05883979797363281,0.05684781074523926,0.05688071250915527,0.0578768253326416
0.06088662147521973,0.05689048767089844,0.06750297546386719,0.05788087844848633,0.06149148941040039
0.056880950927734375,0.05687570571899414,0.05909609794616699,0.061086416244506836,0.06386375427246094
0.06798386573791504,0.06186628341674805,0.05784320831298828,0.06240439414978027,0.06280303001403809
0.05953240394592285,0.0598297119140625,0.06137990951538086,0.05987048149108887,0.0609285831451416
0.0578458309173584,0.061896562576293945,0.05784463882446289,0.06582784652709961,0.05877208709716797
0.05904650688171387,0.05881500244140625,0.06081724166870117,0.06634092330932617,0.0745549201965332
0.06984686851501465,0.06283164024353027,0.06283688545227051,0.05785799026489258,0.06485295295715332
0.06054091453552246,0.06180453300476074,0.06482911109924316,0.0583491325378418,0.06083798408508301
0.06981348991394043,0.0578768253326416,0.06479597091674805,0.06382966041564941,0.06283307075500488
0.06589937210083008,0.08437418937683105,0.08279943466186523,0.06381964683532715,0.07147526741027832
0.06586432456970215,0.06583905220031738,0.061806678771972656,0.09076452255249023,0.07019925117492676
0.06636476516723633,0.06183505058288574,0.07283496856689453,0.0688626766204834,0.06778955459594727
0.0773012638092041,0.06382894515991211,0.07082414627075195,0.07892203330993652,0.06985616683959961
0.06579017639160156,0.06482696533203125,0.06682014465332031,0.068878173828125,0.057843923568725586
0.06453514099121094,0.05983996391296387,0.05984234809875488,0.05984020233154297,0.05935263633728027
0.06283283233642578,0.06679010391235352,0.06572389602661133,0.06180930137634277,0.07380366325378418
0.07084012031555176,0.07137322425842285,0.06408572196960449,0.05785870552062988,0.0618891716003418
0.06182360649108887,0.06578826904296875,0.05841875076293945,0.06588602066040039,0.0657951831817627
0.07206201553344727,0.07152819633483887,0.06482815742492676,0.07380199432373047,0.06685495376586914
0.06283736228942871,0.06488800048828125,0.05985760688781738,0.06281423568725586,0.06380033493041992
0.06583333015441895,0.06982278823852539,0.07552528381347656,0.08280014991760254,0.058876991271972656
0.060835838317871094,0.0689079761505127,0.08178091049194336,0.09229898452758789,0.05924844741821289
0.0668189525604248,0.06362724304199219,0.06622719764709473,0.06383275985717773,0.06582069396972656
0.07735872268676758,0.07775640487670898,0.07534646987915039,0.06659483909606934,0.06480956077575684
0.06887078285217285,0.06826949119567871,0.06585979461669922,0.07482123374938965,0.0718374252319336
0.06679272651672363,0.10879659652709961,0.06881594657897949,0.06797051429748535,0.062050580978393555
0.07480072975158691,0.06781744956970215,0.0657663345336914,0.06439900398254395,0.06383013725280762
0.08228874206542969,0.0827782154083252,0.07280445098876953,0.07483673095703125,0.07040691375732422
0.06782937049865723,0.06867289543151855,0.06937360763549805,0.07232069969177246,0.07475876808166504
0.0638284683227539,0.06836152076721191,0.06888151168823242,0.07078123092651367,0.06846070289611816
0.06583094596862793,0.07178568840026855,0.08178067207336426,0.09773826599121094,0.0967402458190918
0.06433486938476562,0.07553386688232422,0.06444025039672852,0.06685161590576172,0.06479644775390625
0.07638120651245117,0.0718088150024414,0.10739779472351074,0.0654902458190918,0.07450199127197266
0.07243132591247559,0.0780801773071289,0.06978917121887207,0.08078408241271973,0.07131576538085938
0.06832313537597656,0.0663459300994873,0.07876038551330566,0.06580328941345215,0.0827791690826416
0.1047210693359375,0.07280516624450684,0.0634012222290039,0.0693826675415039,0.06483030319213867
0.07078003883361816,0.06587004661560059,0.06679153442382812,0.06539320945739746,0.06979703903198242
0.09273600578308105,0.08328962326049805,0.0644228458404541,0.06784796714782715,0.06836247444152832
0.06980395317077637,0.06978297233581543,0.07283449172973633,0.06582283973693848,0.06785178184509277
0.06964492797851562,0.06883573532104492,0.06585288047790527,0.07588768005371094,0.0718073844909668
0.08272528648376465,0.06733489036560059,0.08081603050231934,0.0654597282409668,0.06681060791015625
0.0738372802734375,0.0717780590057373,0.08181238174438477,0.07190084457397461,0.07380318641662598
0.0767669677734375,0.06788253784179688,0.0668184757232666,0.08279633522033691,0.07779192924499512
0.0828101634979248,0.07137513160705566,0.07935595512390137,0.08728909492492676,0.07132196426391602
0.0711524486541748,0.07185554504394531,0.06483888626098633,0.0677940845489502,0.06781840324401855
0.06781840324401855,0.06842255592346191,0.07837152481079102,0.07976007461547852,0.10466194152832031
0.0747992992401123,0.06687641143798828,0.07280516624450684,0.0685889720916748,0.06784915924072266
0.06781649589538574,0.07042384147644043,0.06284928321838379,0.07881617546081543,0.07135915756225586
0.09324359893798828,0.07080674171447754,0.07435798645019531,0.07079505920410156,0.07302331924438477
0.06684684753417969,0.06738829612731934,0.06884479522705078,0.09398722648620605,0.06481742858886719
0.0688469409942627,0.07180905342102051,0.06696033477783203,0.06582045555114746,0.06832194328308105
0.06981325149536133,0.06985306739807129,0.07084393501281738,0.06878042221069336,0.06585311889648438
0.06768298149108887,0.06746482849121094,0.06981515884399414,0.06682491302490234,0.0704793930053711
0.07634496688842773,0.06981515884399414,0.07381486892700195,0.0718076229095459,0.07047080993652344
0.07380437850952148,0.06783652305603027,0.07284355163574219,0.0777897834777832,0.07087564468383789
0.07180213928222656,0.07281947135925293,0.07340049743652344,0.07803058624267578,0.06981229782104492
0.07941126823425293,0.0988168716430664,0.06981420516967773,0.07488799095153809,0.07277846336364746
0.0777900218963623,0.07577085494995117,0.0867459774017334,0.07376909255981445,0.07582592964172363
0.07383966445922852,0.07279753684997559,0.0757741928100586,0.08178162574768066,0.07036805152893066
0.0767972469329834,0.07332158088684082,0.07579755783081055,0.09076523780822754,0.08686470985412598
0.0807950496673584,0.07180571556091309,0.07041311264038086,0.06932187080383301,0.07581877708435059
0.09522509574890137,0.07279253005981445,0.0784158706665039,0.08034777641296387,0.08275103569030762
0.07878804206848145,0.07582855224609375,0.07879257202148438,0.08683156967163086,0.07024645805358887
0.07583451271057129,0.07579612731933594,0.08278131484985352,0.08180975914001465,0.07440567016601562
0.07883739471435547,0.08182334899902344,0.0708458423614502,0.07380270957946777,0.07181644439697266
0.0788276195526123,0.09281778335571289,0.0744028091430664,0.07881832122802734,0.08278131484985352
0.08833861351013184,0.071807861328125,0.07137799263000488,0.0718085765838623,0.0857694149017334
0.09458756446838379,0.08574223518371582,0.07276725769042969,0.08329081535339355,0.08282208442687988
0.08256387710571289,0.08312153816223145,0.0821220874786377,0.08002400398254395,0.07738852500915527
0.07866597175598145,0.081298828125,0.07878804206848145,0.09236764907836914,0.08780241012573242
0.08436965942382812,0.08177995681762695,0.08150649070739746,0.07382392883300781,0.07682681083679199
0.08432412147521973,0.09071755409240723,0.09175729751586914,0.07332158088684082,0.07681941986083984
0.0748281478881836,0.07827258110046387,0.09034514427185059,0.09521913528442383,0.08081865310668945
0.07436633110046387,0.07642316818237305,0.07483696937561035,0.07438111305236816,0.07584786415100098
0.07694745063781738,0.07883906364440918,0.09528636932373047,0.08286213874816895,0.08971834182739258
0.08582901954650879,0.08219122886657715,0.08137178421020508,0.07988643646240234,0.07380533218383789
0.07699966430664062,0.07776117324829102,0.07290434837341309,0.07582831382751465,0.10024333000183105
0.08350396156311035,0.08730602264404297,0.07679390907287598,0.07978177070617676,0.07410287857055664
0.07681083679199219,0.07583785057067871,0.08175206184387207,0.0808262825012207,0.07338070869445801
0.07638835906982422,0.09571003913879395,0.07782220840454102,0.08234786987304688,0.07681465148925781
0.08083295822143555,0.07577085494995117,0.07579755783081055,0.07882332801818848,0.07782149314880371
0.07383084297180176,0.07597184181213379,0.07679939270019531,0.0756082534790039,0.07481241226196289
0.08392190933227539,0.07280421257019043,0.0749502182006836,0.07989811897277832,0.09347796440124512
0.09279489517211914,0.08878159523010254,0.07782411575317383,0.08673810958862305,0.08175277709960938
0.0952906608581543,0.08885788917541504,0.08377575874328613,0.0907585620880127,0.07882881164550781
0.07729959487915039,0.07280588150024414,0.07740592956542969,0.08081221580505371,0.0857701301574707
0.07885122299194336,0.08733296394348145,0.0865788459777832,0.08920907974243164,0.07902169227600098
0.08251070976257324,0.08246302604675293,0.08031129837036133,0.07882165908813477,0.07632279396057129
0.08377265930175781,0.07703924179077148,0.07579731941223145,0.07580018043518066,0.0800008773803711
0.0747990608215332,0.08078384399414062,0.08178067207336426,0.07479977607727051,0.07583928108215332
0.07879495620727539,0.07679533958435059,0.07485842704772949,0.07782149314880371,0.08001589775085449
0.08281660079956055,0.08084249496459961,0.07508993148803711,0.0767977237701416,0.0838167667388916
0.08177685737609863,0.08229374885559082,0.09178948402404785,0.08210587501525879,0.0915672779083252
0.08588194847106934,0.08278751373291016,0.07782983779907227,0.07533097267150879,0.07911062240600586
0.08738565444946289,0.07944703102111816,0.07679486274719238,0.0797879695892334,0.08474349975585938
0.08481431007385254,0.08377528190612793,0.08280825614929199,0.07746767997741699,0.0808248519897461
0.08677458763122559,0.08077287673950195,0.08281111717224121,0.08130455017089844,0.08280801773071289
0.07881736755371094,0.07863450050354004,0.07883334159851074,0.11221575736999512,0.07988977432250977
0.08081674575805664,0.07978034019470215,0.0804758071899414,0.07978367805480957,0.08278703689575195
0.07827496528625488,0.08035778999328613,0.07579755783081055,0.0869133472442627,0.0818033218383789
0.08137679100036621,0.07876110076904297,0.09175539016723633,0.08125638961791992,0.07942342758178711
0.08249855041503906,0.08230710029602051,0.10272979736328125,0.09475994110107422,0.08300209045410156
0.10431957244873047,0.09509038925170898,0.07983589172363281,0.07675743103027344,0.07929515838623047
0.08285784721374512,0.08776116371154785,0.08076143264770508,0.0886392593383789,0.10134553909301758
0.08078289031982422,0.0987701416015625,0.08829855918884277,0.10474944114685059,0.08475446701049805
0.08173084259033203,0.08481216430664062,0.08092546463012695,0.08135104179382324,0.08728766441345215
0.08507537841796875,0.0818173885345459,0.10968589782714844,0.11369919776916504,0.07878589630126953
0.08983945846557617,0.08487462997436523,0.08181381225585938,0.0798335075378418,0.08077669143676758
0.07881474494934082,0.08732938766479492,0.08287501335144043,0.08290672302246094,0.07986259460449219
0.08490300178527832,0.08529806137084961,0.08281993865966797,0.08491015434265137,0.08139967918395996
0.08328723907470703,0.08576750755310059,0.08375239372253418,0.0923471450805664,0.0916602611541748
0.08475208282470703,0.0921316146850586,0.08775019645690918,0.08474278450012207,0.08478999137878418
0.08942770957946777,0.08138346672058105,0.0883023738861084,0.07983732223510742,0.08829307556152344
0.08380794525146484,0.08776497840881348,0.08211708068847656,0.08733367919921875,0.08531427383422852
0.0857691764831543,0.08442807197570801,0.08577609062194824,0.0808107852935791,0.08780908584594727
0.08383893966674805,0.08583927154541016,0.0857689380645752,0.08450675010681152,0.08430290222167969
0.08778572082519531,0.08278656005859375,0.0848388671875,0.08835935592651367,0.08477973937988281
0.08355474472045898,0.08395767211914062,0.08273553848266602,0.08481335639953613,0.0857703685760498
0.08776235580444336,0.08816194534301758,0.08476686477661133,0.08558297157287598,0.08858036994934082
0.09033775329589844,0.08489060401916504,0.08680486679077148,0.09426307678222656,0.1069650650024414
0.0827784538269043,0.09516525268554688,0.08477354049682617,0.08284235000610352,0.08325338363647461
0.08402061462402344,0.08377766609191895,0.08377742767333984,0.09337759017944336,0.08377385139465332
0.08682847023010254,0.08474206924438477,0.10668540000915527,0.08860659599304199,0.08975553512573242
0.08776974678039551,0.08890438079833984,0.08830928802490234,0.09353995323181152,0.08946990966796875
0.08836865425109863,0.11525797843933105,0.09049367904663086,0.08139252662658691,0.08515167236328125
0.08876228332519531,0.09323549270629883,0.08679747581481934,0.0937809944152832,0.08378958702087402
0.09273862838745117,0.09024643898010254,0.08763599395751953,0.10001802444458008,0.09126067161560059
0.0947575569152832,0.09638786315917969,0.1017301082611084,0.08762097358703613,0.09014439582824707
0.11070990562438965,0.1017603874206543,0.09574484825134277,0.08527970314025879,0.08779454231262207
0.10432958602905273,0.10970759391784668,0.09773755073547363,0.09449934959411621,0.09724688529968262
0.09673786163330078,0.0945897102355957,0.08782219886779785,0.10821223258972168,0.0872962474822998
0.08926725387573242,0.11098265647888184,0.09378218650817871,0.08946108818054199,0.09133386611938477
0.0972597599029541,0.08787870407104492,0.09227776527404785,0.10322856903076172,0.08876204490661621
0.0877678394317627,0.08444452285766602,0.08282780647277832,0.08675479888916016,0.08779740333557129
0.09182500839233398,0.11864781379699707,0.11226320266723633,0.10475492477416992,0.11817193031311035
0.09276318550109863,0.09457540512084961,0.08775997161865234,0.09883546829223633,0.10573816299438477
0.13214445114135742,0.09084033966064453,0.0871422290802002,0.08742690086364746,0.08673787117004395
0.0897684097290039,0.08974504470825195,0.0867929458618164,0.08676791191101074,0.0954904556274414
0.10871195793151855,0.0967414379119873,0.09674572944641113,0.08676791191101074,0.09924864768981934
0.10273146629333496,0.09276652336120605,0.09175443649291992,0.08727097511291504,0.08677053451538086
0.09479451179504395,0.088714599609375,0.08577609062194824,0.08975625038146973,0.08876252174377441
0.10637640953063965,0.09571385383605957,0.0857706069946289,0.09075665473937988,0.08620190620422363
0.09579229354858398,0.09271526336669922,0.09373593330383301,0.10323286056518555,0.09877514839172363
0.09969854354858398,0.10271048545837402,0.11269950866699219,0.11373043060302734,0.09275364875793457
0.09900951385498047,0.0892646312713623,0.08827090263366699,0.08776521682739258,0.07883572578430176
0.08078169822692871,0.09076499938964844,0.08379411697387695,0.08284163475036621,0.09440493583679199
0.08984947204589844,0.08280372619628906,0.08685016632080078,0.08379459381103516,0.08380794525146484
0.0853428840637207,0.08777356147766113,0.08151626586914062,0.08972787857055664,0.0877690315246582
0.09833025932312012,0.09332942962646484,0.08978748321533203,0.0887613296508789,0.08081936836242676
0.08280515670776367,0.08568286895751953,0.07941961288452148,0.0880579948425293,0.08480000495910645
0.08731627464294434,0.08282780647277832,0.09678912162780762,0.08178091049194336,0.08174848556518555
0.08284831047058105,0.10379409790039062,0.11868453025817871,0.09075736999511719,0.1127464771270752
0.09719705581665039,0.08888912200927734,0.08576297760009766,0.09181427955627441,0.0858614444732666
0.08816146850585938,0.11565208435058594,0.11868619918823242,0.11768555641174316,0.10671806335449219
0.09279704093933105,0.08676624298095703,0.09136176109313965,0.08779406547546387,0.08796477317810059
0.10620856285095215,0.08976030349731445,0.0843970775604248,0.08488702774047852,0.09770631790161133
0.09929609298706055,0.0837700366973877,0.08384561538696289,0.09884977340698242,0.08178067207336426
0.08281135559082031,0.0887913703918457,0.08275318145751953,0.08477354049682617,0.08078575134277344
0.09182310104370117,0.0857391357421875,0.08776521682739258,0.09226155281066895,0.08730912208557129
0.09023094177246094,0.09275221824645996,0.08488798141479492,0.08926630020141602,0.08777523040771484
0.0857703685760498,0.10330533981323242,0.08449864387512207,0.10372591018676758,0.08876228332519531
0.0848078727722168,0.08434104919433594,0.08342337608337402,0.08728837966918945,0.08581233024597168
0.08836221694946289,0.08674263954162598,0.08877158164978027,0.08695840835571289,0.08782196044921875
0.08539748191833496,0.0898752212524414,0.08830595016479492,0.10376524925231934,0.08878731727600098
0.09275341033935547,0.0857698917388916,0.08531570434570312,0.08574938774108887,0.09108662605285645
0.09072566032409668,0.10921812057495117,0.08582520484924316,0.08778262138366699,0.0857686996459961
0.09983205795288086,0.10237240791320801,0.09774208068847656,0.09194564819335938,0.0858154296875
0.08888435363769531,0.08689761161804199,0.08484339714050293,0.08578372001647949,0.08763670921325684
0.09740400314331055,0.08777976036071777,0.09178280830383301,0.08574509620666504,0.08902406692504883
0.08802938461303711,0.0937495231628418,0.08477091789245605,0.08975982666015625,0.09425806999206543
0.09178996086120605,0.08390164375305176,0.09172868728637695,0.08975863456726074,0.09082245826721191
0.08776426315307617,0.09333682060241699,0.08580708503723145,0.0924687385559082,0.08482050895690918
0.0859215259552002,0.08537435531616211,0.09921455383300781,0.09474873542785645,0.10571908950805664
0.12167477607727051,0.09702920913696289,0.09427475929260254,0.09577536582946777,0.08796381950378418
0.09875822067260742,0.09081745147705078,0.09133672714233398,0.09175515174865723,0.09574460983276367
0.0967409610748291,0.09973406791687012,0.09973359107971191,0.0997767448425293,0.09631776809692383
0.11139798164367676,0.10377383232116699,0.09029746055603027,0.09176039695739746,0.09690356254577637
0.10081934928894043,0.11170625686645508,0.11166882514953613,0.0954291820526123,0.0937497615814209
0.0927269458770752,0.09129190444946289,0.09184408187866211,0.09679102897644043,0.08827090263366699
0.09079432487487793,0.09574317932128906,0.09275293350219727,0.09677624702453613,0.11171960830688477
0.09851717948913574,0.09280920028686523,0.0937654972076416,0.09528112411499023,0.08884549140930176
0.09380793571472168,0.09868979454040527,0.10455656051635742,0.09124875068664551,0.11137247085571289
0.09072303771972656,0.09579873085021973,0.09331941604614258,0.0996851921081543,0.09973311424255371
0.08676695823669434,0.09175467491149902,0.08926987648010254,0.09175634384155273,0.08790874481201172
0.10520315170288086,0.10035300254821777,0.10725140571594238,0.13315629959106445,0.1067359447479248
0.09455251693725586,0.09376668930053711,0.0877842903137207,0.09435582160949707,0.09673285484313965
0.09178686141967773,0.0947723388671875,0.10977625846862793,0.0906827449798584,0.08883452415466309
0.09372806549072266,0.09528326988220215,0.09275031089782715,0.09976696968078613,0.09382820129394531
0.12168264389038086,0.10127472877502441,0.13067078590393066,0.09229254722595215,0.11173105239868164
0.09378695487976074,0.11626839637756348,0.09087324142456055,0.09375143051147461,0.09727311134338379
0.09770321846008301,0.0967411994934082,0.09079289436340332,0.10381460189819336,0.09027385711669922
0.0937039852142334,0.0977480411529541,0.0967416763305664,0.10595941543579102,0.09178853034973145
0.09579062461853027,0.09211921691894531,0.0943145751953125,0.09225821495056152,0.09329080581665039
0.09257125854492188,0.09407210350036621,0.09441494941711426,0.09170746803283691,0.09474658966064453
0.09773731231689453,0.09076070785522461,0.09574294090270996,0.09973287582397461,0.0908048152923584
0.09207320213317871,0.09333181381225586,0.09009075164794922,0.0937960147857666,0.09474635124206543
0.09689545631408691,0.09575009346008301,0.09438109397888184,0.09578371047973633,0.09682822227478027
0.0902554988861084,0.10870862007141113,0.12387490272521973,0.09377884864807129,0.0927271842956543
0.09673833847045898,0.09769725799560547,0.09595489501953125,0.09779930114746094,0.09830784797668457
0.09175419807434082,0.10272932052612305,0.10661506652832031,0.09380793571472168,0.10073113441467285
0.09558844566345215,0.09427380561828613,0.09575104713439941,0.09379100799560547,0.10079741477966309
0.09571623802185059,0.0967719554901123,0.08975958824157715,0.09477114677429199,0.09474396705627441
0.10140013694763184,0.09628534317016602,0.09602904319763184,0.09425234794616699,0.09612679481506348
0.09435391426086426,0.09676671028137207,0.09576535224914551,0.09975504875183105,0.10008740425109863
0.09390759468078613,0.09331083297729492,0.09274959564208984,0.09333586692810059,0.09533452987670898
0.09861874580383301,0.10077476501464844,0.10069656372070312,0.09313344955444336,0.09512519836425781
0.09675192832946777,0.09462451934814453,0.09771966934204102,0.0907278060913086,0.09388279914855957
0.10075235366821289,0.10671520233154297,0.10673046112060547,0.11369967460632324,0.09504246711730957
0.1102149486541748,0.10321664810180664,0.09482121467590332,0.09280681610107422,0.09426331520080566
0.09483766555786133,0.09978032112121582,0.1032707691192627,0.10832834243774414,0.11373353004455566
0.10580205917358398,0.1316518783569336,0.13475680351257324,0.09825730323791504,0.09978127479553223
0.09728264808654785,0.09984564781188965,0.09768843650817871,0.09773612022399902,0.10927009582519531
0.10073018074035645,0.0983433723449707,0.09637975692749023,0.09372329711914062,0.09479594230651855
0.12478423118591309,0.12816548347473145,0.0987701416015625,0.10433793067932129,0.09877634048461914
0.09670853614807129,0.09975838661193848,0.09631752967834473,0.09729743003845215,0.09677934646606445
0.10233879089355469,0.0967397689819336,0.10973787307739258,0.1020815372467041,0.09435153007507324
0.09776568412780762,0.09724998474121094,0.10073280334472656,0.10212516784667969,0.1067807674407959
0.09577775001525879,0.10069870948791504,0.0963594913482666,0.09884786605834961,0.09635305404663086
0.1017158031463623,0.0997307300567627,0.09833788871765137,0.09873580932617188,0.09826970100402832
0.09824323654174805,0.10571670532226562,0.10285520553588867,0.13364291191101074,0.1077127456665039
0.09976410865783691,0.10384154319763184,0.09873819351196289,0.10575342178344727,0.1016995906829834
0.10475397109985352,0.10389137268066406,0.09644007682800293,0.12018847465515137,0.10498404502868652
0.10379362106323242,0.10029768943786621,0.10143160820007324,0.0953226089477539,0.10038113594055176
0.09879040718078613,0.12022066116333008,0.10432624816894531,0.10570526123046875,0.10472631454467773
0.12466931343078613,0.10378718376159668,0.10629487037658691,0.10829329490661621,0.10569190979003906
0.1007683277130127,0.10287213325500488,0.09780597686767578,0.11029219627380371,0.10093164443969727
0.10292696952819824,0.09893202781677246,0.10372257232666016,0.10086536407470703,0.10272550582885742
0.10233163833618164,0.10377073287963867,0.10483288764953613,0.10677289962768555,0.11997556686401367
0.1017305850982666,0.09874963760375977,0.09896421432495117,0.0996854305267334,0.0972447395324707
0.09871578216552734,0.10276150703430176,0.10068249702453613,0.11070489883422852,0.10827088356018066
0.10117793083190918,0.10422682762145996,0.10671448707580566,0.1082158088684082,0.10285830497741699
0.10138916969299316,0.10572290420532227,0.09978580474853516,0.10030674934387207,0.10072684288024902
0.1053612232208252,0.10381388664245605,0.09975957870483398,0.10230588912963867,0.09974145889282227
0.10271811485290527,0.11171865463256836,0.10672998428344727,0.10731029510498047,0.10291767120361328
0.10194230079650879,0.10537934303283691,0.10373640060424805,0.10083365440368652,0.10771441459655762
0.10229635238647461,0.10176849365234375,0.1027834415435791,0.10526919364929199,0.1052238941192627
0.1022651195526123,0.10275793075561523,0.09976053237915039,0.10226273536682129,0.10272645950317383
0.11341500282287598,0.11116909980773926,0.10578274726867676,0.11031985282897949,0.10375022888183594
0.1057579517364502,0.13764739036560059,0.10086607933044434,0.10334086418151855,0.1047201156616211
0.1028904914855957,0.10585451126098633,0.1038212776184082,0.10571956634521484,0.10181927680969238
0.10169553756713867,0.10134124755859375,0.10275697708129883,0.13013076782226562,0.10892319679260254
0.11176705360412598,0.1127324104309082,0.10771417617797852,0.1077580451965332,0.1057429313659668
0.1072537899017334,0.10429668426513672,0.10371732711791992,0.11116790771484375,0.10430645942687988
0.10377860069274902,0.10778999328613281,0.10181164741516113,0.10693812370300293,0.11171841621398926
0.11522889137268066,0.11081194877624512,0.1047523021697998,0.10271763801574707,0.10529756546020508
0.1037588119506836,0.10575509071350098,0.10572052001953125,0.10577154159545898,0.10771369934082031
0.11971402168273926,0.10672426223754883,0.10529446601867676,0.10378408432006836,0.1047673225402832
0.1067345142364502,0.10774350166320801,0.1067349910736084,0.11299943923950195,0.10824179649353027
0.11728525161743164,0.10575151443481445,0.105743408203125,0.10668444633483887,0.10671877861022949
0.11719536781311035,0.11072802543640137,0.10884404182434082,0.10969138145446777,0.10778212547302246
0.10974550247192383,0.11328554153442383,0.12242722511291504,0.1042788028717041,0.11765837669372559
0.11791491508483887,0.1109004020690918,0.1184539794921875,0.10878562927246094,0.11171770095825195
0.10739541053771973,0.10138177871704102,0.10477328300476074,0.10374093055725098,0.10941457748413086
0.11100411415100098,0.1097574234008789,0.10552835464477539,0.10430288314819336,0.11169767379760742
0.11991453170776367,0.1031954288482666,0.10838747024536133,0.1055152416229248,0.10926437377929688
0.11273765563964844,0.10471940040588379,0.10770153999328613,0.10924124717712402,0.10574698448181152
0.1097261905670166,0.11192178726196289,0.1047060489654541,0.10672640800476074,0.10777664184570312
0.10677266120910645,0.1102302074432373,0.1056828498840332,0.10980033874511719,0.11678385734558105
0.10977840423583984,0.11276388168334961,0.10777401924133301,0.10970544815063477,0.11270380020141602
0.11384057998657227,0.10780119895935059,0.11769604682922363,0.11768460273742676,0.11768507957458496
0.10871243476867676,0.10670280456542969,0.10671615600585938,0.10724925994873047,0.10773348808288574
0.11674046516418457,0.10923314094543457,0.10872721672058105,0.10970902442932129,0.11176824569702148
0.11266446113586426,0.11377429962158203,0.11104249954223633,0.10823440551757812,0.10934329032897949
0.11977601051330566,0.11277031898498535,0.11189579963684082,0.11032915115356445,0.11716938018798828
0.14098191261291504,0.11367034912109375,0.11526918411254883,0.11411428451538086,0.10691070556640625
0.11323785781860352,0.11682605743408203,0.1314239501953125,0.11505579948425293,0.10971879959106445
0.1107943058013916,0.11074042320251465,0.10872054100036621,0.11166596412658691,0.10868597030639648
0.1082763671875,0.11074447631835938,0.11420893669128418,0.1166985034942627,0.11269569396972656
0.11074519157409668,0.1110086441040039,0.11229634284973145,0.10970211029052734,0.11173486709594727
0.11830925941467285,0.11472773551940918,0.10975980758666992,0.10974478721618652,0.11116743087768555
0.11597490310668945,0.11077594757080078,0.11061429977416992,0.12021708488464355,0.11576414108276367
0.11765575408935547,0.11587095260620117,0.1139669418334961,0.11542177200317383,0.1127614974975586
0.11655545234680176,0.11389636993408203,0.10871386528015137,0.1197807788848877,0.11281681060791016
0.11521458625793457,0.11468291282653809,0.11668753623962402,0.11768484115600586,0.10978841781616211
0.11614823341369629,0.11920452117919922,0.11563467979431152,0.11668801307678223,0.1158444881439209
0.11177682876586914,0.13625001907348633,0.1117706298828125,0.11526060104370117,0.14269566535949707
0.14174222946166992,0.11175084114074707,0.11468815803527832,0.11577916145324707,0.11430692672729492
0.11675262451171875,0.1136634349822998,0.11474609375,0.12067937850952148,0.12620878219604492
0.11519837379455566,0.11686110496520996,0.11121225357055664,0.11726522445678711,0.11719155311584473
0.13515543937683105,0.11220788955688477,0.11469602584838867,0.11681461334228516,0.13458895683288574
0.13963627815246582,0.11585354804992676,0.11272001266479492,0.11131787300109863,0.11379361152648926
0.1222531795501709,0.12423038482666016,0.11571383476257324,0.12084746360778809,0.11771154403686523
0.11767816543579102,0.11236429214477539,0.11863517761230469,0.11575961112976074,0.11476993560791016
0.11668920516967773,0.11870813369750977,0.11679840087890625,0.11665916442871094,0.145615816116333
0.13518786430358887,0.11680722236633301,0.1186821460723877,0.11672687530517578,0.11858034133911133
0.11165452003479004,0.11472415924072266,0.11573410034179688,0.1217041015625,0.11972761154174805
0.11931848526000977,0.11815047264099121,0.1157064437866211,0.11572790145874023,0.11379551887512207
0.11485075950622559,0.11869239807128906,0.1197962760925293,0.11720585823059082,0.11576366424560547
0.1261136531829834,0.11482048034667969,0.14162325859069824,0.1267564296722412,0.11967945098876953
0.12766408920288086,0.13270020484924316,0.12639212608337402,0.13268327713012695,0.12471628189086914
0.12229537963867188,0.11675477027893066,0.11970686912536621,0.13164615631103516,0.13215374946594238
0.12270736694335938,0.14124035835266113,0.12267231941223145,0.11771869659423828,0.14674711227416992
0.12318110466003418,0.1217961311340332,0.13721132278442383,0.11871528625488281,0.130265474319458
0.12119913101196289,0.13109111785888672,0.11707472801208496,0.12137103080749512,0.12567138671875
0.12640714645385742,0.12577223777770996,0.11794424057006836,0.12367868423461914,0.13965773582458496
0.13263726234436035,0.14711928367614746,0.14461636543273926,0.15059781074523926,0.14867448806762695
0.1202545166015625,0.12666559219360352,0.13164734840393066,0.12471795082092285,0.12369465827941895
0.11547684669494629,0.12516999244689941,0.11900734901428223,0.12816238403320312,0.11834311485290527
0.12670493125915527,0.12372231483459473,0.12205696105957031,0.12271332740783691,0.12473225593566895
0.12194132804870605,0.12967705726623535,0.12574505805969238,0.14714264869689941,0.12170863151550293
0.14561748504638672,0.12027144432067871,0.12080168724060059,0.11885499954223633,0.11987137794494629
0.1245579719543457,0.1301252841949463,0.11841654777526855,0.12822771072387695,0.11967897415161133
0.12263917922973633,0.12167739868164062,0.1235203742980957,0.1287543773651123,0.1207127571105957
0.12662696838378906,0.12270879745483398,0.11867928504943848,0.12270522117614746,0.12061929702758789
0.12067484855651855,0.11977076530456543,0.12052273750305176,0.12709474563598633,0.12167692184448242
0.12293386459350586,0.1282951831817627,0.12071442604064941,0.12570929527282715,0.13762998580932617
0.14259910583496094,0.12374591827392578,0.12568426132202148,0.12269902229309082,0.12207865715026855
0.12508630752563477,0.12274789810180664,0.13215088844299316,0.12067699432373047,0.13463997840881348
0.1249089241027832,0.14113426208496094,0.16057348251342773,0.13269519805908203,0.1222085952758789
0.12032103538513184,0.12270951271057129,0.12331724166870117,0.12965607643127441,0.12225532531738281
0.12670493125915527,0.15109992027282715,0.14158940315246582,0.1266934871673584,0.12271952629089355
0.1356208324432373,0.1405029296875,0.12012505531311035,0.13126540184020996,0.18302202224731445
0.15867996215820312,0.12293148040771484,0.12369704246520996,0.12278366088867188,0.1247866153717041
0.1297745704650879,0.12566351890563965,0.12566351890563965,0.12865567207336426,0.12071108818054199
0.12683320045471191,0.13566136360168457,0.12327170372009277,0.13071966171264648,0.12525272369384766
0.12470221519470215,0.12720179557800293,0.12167882919311523,0.1252751350402832,0.12228202819824219
0.1296250820159912,0.12865710258483887,0.12282824516296387,0.12467098236083984,0.12591028213500977
0.1216573715209961,0.13175225257873535,0.12267136573791504,0.12493658065795898,0.12567567825317383
0.13579010963439941,0.12594079971313477,0.1274399757385254,0.12566375732421875,0.12368083000183105
0.12317824363708496,0.1271684169769287,0.13229775428771973,0.13473749160766602,0.13367342948913574
0.1401073932647705,0.12885594367980957,0.12267208099365234,0.13567876815795898,0.12669086456298828
0.12932467460632324,0.13088297843933105,0.12730622291564941,0.13667988777160645,0.12868618965148926
0.12920141220092773,0.12714076042175293,0.12769246101379395,0.1486048698425293,0.14188790321350098
0.13376951217651367,0.12965655326843262,0.1295621395111084,0.12873458862304688,0.12766098976135254
0.12865543365478516,0.12494015693664551,0.12495303153991699,0.15761518478393555,0.1261913776397705
0.12769222259521484,0.12923765182495117,0.1299278736114502,0.1522998809814453,0.13065052032470703
0.1326451301574707,0.12655997276306152,0.12836337089538574,0.12669897079467773,0.1278057098388672
0.12526679039001465,0.13322973251342773,0.1485755443572998,0.13463926315307617,0.12864208221435547
0.14063310623168945,0.1301724910736084,0.1540975570678711,0.12830710411071777,0.12926721572875977
0.1318802833557129,0.1327376365661621,0.15758633613586426,0.12972497940063477,0.12709617614746094
0.15233731269836426,0.12772703170776367,0.12967276573181152,0.13928508758544922,0.12769579887390137
0.12833905220031738,0.13218474388122559,0.12972474098205566,0.13067936897277832,0.13126444816589355
0.13827037811279297,0.12773680686950684,0.13171839714050293,0.1316831111907959,0.1307988166809082
0.13071727752685547,0.13522553443908691,0.1283128261566162,0.13768458366394043,0.1341838836669922
0.13163971900939941,0.1302022933959961,0.1257944107055664,0.13921689987182617,0.1598367691040039
0.16411757469177246,0.15358924865722656,0.13692951202392578,0.14163637161254883,0.1575782299041748
0.15928030014038086,0.1501305103302002,0.18749785423278809,0.1451563835144043,0.14461421966552734
0.18374252319335938,0.18105721473693848,0.1545867919921875,0.15113592147827148,0.1640465259552002
0.1775352954864502,0.15010952949523926,0.14862847328186035,0.14781546592712402,0.14970183372497559
0.13271117210388184,0.13460874557495117,0.15459442138671875,0.1326301097869873,0.1308591365814209
0.13576340675354004,0.13713836669921875,0.13026976585388184,0.13291025161743164,0.14275884628295898
0.14075970649719238,0.13537836074829102,0.13569879531860352,0.14213275909423828,0.12872099876403809
0.13672685623168945,0.13635754585266113,0.13764429092407227,0.13420867919921875,0.14037775993347168
0.13917803764343262,0.14375662803649902,0.131683349609375,0.135270357131958,0.1322472095489502
0.14007782936096191,0.13909387588500977,0.13216924667358398,0.13623404502868652,0.13185381889343262
0.13294196128845215,0.1435701847076416,0.14468073844909668,0.1352062225341797,0.1555469036102295
0.1427021026611328,0.137620210647583,0.13863825798034668,0.16000890731811523,0.1389148235321045
0.14060711860656738,0.14087796211242676,0.13263201713562012,0.1476740837097168,0.1385955810546875
0.13829755783081055,0.15965652465820312,0.13320183753967285,0.13271498680114746,0.13154339790344238
0.13134121894836426,0.1400909423828125,0.13375449180603027,0.14046788215637207,0.133681058883667
0.13586807250976562,0.1406233310699463,0.13862895965576172,0.138688325881958,0.13521552085876465
0.1615605354309082,0.14030909538269043,0.13969755172729492,0.17650079727172852,0.14892125129699707
0.13658785820007324,0.14158391952514648,0.13668251037597656,0.1342179775238037,0.1367034912109375
0.14066123962402344,0.14268970489501953,0.1371762752532959,0.14762091636657715,0.17058444023132324
0.13770031929016113,0.13758420944213867,0.16260623931884766,0.13465571403503418,0.13779044151306152
0.13687920570373535,0.14500999450683594,0.14461398124694824,0.13810157775878906,0.137315034866333
0.14068007469177246,0.13916707038879395,0.14288878440856934,0.13701939582824707,0.1346907615661621
0.1406254768371582,0.14066386222839355,0.14363527297973633,0.13981962203979492,0.14093255996704102
0.13919448852539062,0.13431429862976074,0.13414835929870605,0.14565348625183105,0.1415879726409912
0.13962531089782715,0.16570734977722168,0.14157652854919434,0.1406564712524414,0.14273667335510254
0.13982391357421875,0.14530611038208008,0.13765907287597656,0.13962721824645996,0.13843822479248047
0.14020824432373047,0.1396169662475586,0.13863110542297363,0.14562320709228516,0.1433424949645996
0.13865137100219727,0.13870596885681152,0.14062070846557617,0.1327533721923828,0.14086580276489258
0.14860129356384277,0.14371657371520996,0.1467299461364746,0.13921284675598145,0.17105507850646973
0.1466066837310791,0.13865447044372559,0.14066481590270996,0.144120454788208,0.1376335620880127
0.13663983345031738,0.14215826988220215,0.1457672119140625,0.1595911979675293,0.13803791999816895
0.14258360862731934,0.13869643211364746,0.14661288261413574,0.14226651191711426,0.14069366455078125
0.13875579833984375,0.14282727241516113,0.13729190826416016,0.14127039909362793,0.13825058937072754
0.1525890827178955,0.1661674976348877,0.14776086807250977,0.1484994888305664,0.14816832542419434
0.15417695045471191,0.1455986499786377,0.14660215377807617,0.1436769962310791,0.14560961723327637
0.14380311965942383,0.1412336826324463,0.1406090259552002,0.14312148094177246,0.16057610511779785
0.14217615127563477,0.14559221267700195,0.1476149559020996,0.1447429656982422,0.15060138702392578
0.14818596839904785,0.14567852020263672,0.14265131950378418,0.14322233200073242,0.1466381549835205
0.14160990715026855,0.1600785255432129,0.14480280876159668,0.1486647129058838,0.14207744598388672
0.15060663223266602,0.1422119140625,0.14159369468688965,0.1442885398864746,0.15265512466430664
0.14361858367919922,0.14918923377990723,0.14131808280944824,0.15962696075439453,0.14611148834228516
0.15163755416870117,0.15023517608642578,0.14266014099121094,0.15010356903076172,0.14611387252807617
0.14511728286743164,0.14312458038330078,0.14170527458190918,0.14611387252807617,0.14123272895812988
0.15857672691345215,0.1508798599243164,0.15455174446105957,0.15010380744934082,0.14067363739013672
0.1446535587310791,0.1483159065246582,0.1445598602294922,0.14959979057312012,0.1520991325378418
0.16858410835266113,0.15259265899658203,0.1491696834564209,0.15084171295166016,0.14796233177185059
0.15001606941223145,0.15166020393371582,0.15023159980773926,0.1575789451599121,0.15212368965148926
0.14964675903320312,0.14724397659301758,0.15636539459228516,0.15363693237304688,0.14718842506408691
0.14757204055786133,0.15608811378479004,0.14814162254333496,0.1555793285369873,0.16805624961853027
0.15558362007141113,0.15259170532226562,0.14760494232177734,0.1491687297821045,0.17852258682250977
0.1768949031829834,0.15309572219848633,0.16378068923950195,0.15059924125671387,0.14623117446899414
0.16691017150878906,0.16272997856140137,0.1482381820678711,0.14621281623840332,0.1471109390258789
0.14762043952941895,0.15062332153320312,0.15423202514648438,0.15259146690368652,0.1460111141204834
0.1506814956665039,0.16008639335632324,0.15072083473205566,0.155867338180542,0.14998674392700195
0.14624881744384766,0.14972686767578125,0.14378094673156738,0.1552293300628662,0.1727437973022461
0.1476905345916748,0.14979004859924316,0.14388012886047363,0.14322829246520996,0.15708518028259277
0.15708184242248535,0.158583402633667,0.15794944763183594,0.15169048309326172,0.14764022827148438
0.15219545364379883,0.1496140956878662,0.14827299118041992,0.14367079734802246,0.14974308013916016
0.1467759609222412,0.1515812873840332,0.14384031295776367,0.1528935432434082,0.15060997009277344
0.15264678001403809,0.14855289459228516,0.15758490562438965,0.1532437801361084,0.14771389961242676
0.15055584907531738,0.15676307678222656,0.15171051025390625,0.1547107696533203,0.18562674522399902
0.15660834312438965,0.16042733192443848,0.15143442153930664,0.14928650856018066,0.15358924865722656
0.15469121932983398,0.1537003517150879,0.14365434646606445,0.15463590621948242,0.15137648582458496
0.15325689315795898,0.14864063262939453,0.14959979057312012,0.14753174781799316,0.14920830726623535
0.16057157516479492,0.16215181350708008,0.14957404136657715,0.15259385108947754,0.16710686683654785
0.15668082237243652,0.16476655006408691,0.17704391479492188,0.15561938285827637,0.15001559257507324
0.1478133201599121,0.1562061309814453,0.1523575782775879,0.1542365550994873,0.14722895622253418
0.15061497688293457,0.16309070587158203,0.15316057205200195,0.15516924858093262,0.15752482414245605
0.15823602676391602,0.15276384353637695,0.15780305862426758,0.15324974060058594,0.15369057655334473
0.16861462593078613,0.1576085090637207,0.15961027145385742,0.1592552661895752,0.1636817455291748
0.15268516540527344,0.16007733345031738,0.15358901023864746,0.1547408103942871,0.15561413764953613
0.15659546852111816,0.14476919174194336,0.15119075775146484,0.15045738220214844,0.15324664115905762
0.15062236785888672,0.15321969985961914,0.16605424880981445,0.15718674659729004,0.18520903587341309
0.15730881690979004,0.15317940711975098,0.15083527565002441,0.15058517456054688,0.14967083930969238
0.15145063400268555,0.1551806926727295,0.14960622787475586,0.15761590003967285,0.15129756927490234
0.1556241512298584,0.15273618698120117,0.14966630935668945,0.15271568298339844,0.16156768798828125
0.14921212196350098,0.16336798667907715,0.15419864654541016,0.1515941619873047,0.15657806396484375
